," ""Frames""","""Bytes""","""AVG""","""Frames_src""","""Bytes_src""","""AVG_src""","""Frames_dst""","""Bytes_dst""","""AVG_dst"""
1,377,41643,152,212,22705,152,165,18938,152
2,373,41624,157,207,22399,157,166,19225,157
3,370,41279,155,207,22423,155,163,18856,155
4,375,42155,152,210,22893,152,165,19262,152
5,368,43683,157,206,24086,157,162,19597,157
6,390,43165,165,214,23281,165,176,19884,165
7,362,38840,157,201,20822,157,161,18018,157
8,373,39688,153,209,21396,153,164,18292,153
9,363,39234,154,203,21314,154,160,17920,154
10,368,39145,180,206,21204,180,162,17941,180
11,373,39622,189,209,21360,189,164,18262,189
12,371,39550,179,208,21326,179,163,18224,179
13,365,39192,600,204,21101,600,161,18091,600
14,367,39806,663,206,21468,663,161,18338,663
15,363,38928,202,201,20823,202,162,18105,202
16,371,39428,656,206,21148,656,165,18280,656
17,372,39538,163,207,21224,163,165,18314,163
18,444,68586,198,247,27271,198,197,41315,198
19,367,41386,156,205,22214,156,162,19172,156
20,358,38467,157,198,20664,157,160,17803,157
21,369,39324,154,206,21153,154,163,18171,154
22,381,41556,159,213,22359,159,168,19197,159
23,370,39992,156,208,21600,156,162,18392,156
24,0,0,152,0,0,152,0,0,152
25,0,0,157,0,0,157,0,0,157
26,0,0,155,0,0,155,0,0,155
27,0,0,152,0,0,152,0,0,152
28,0,0,157,0,0,157,0,0,157
29,0,0,165,0,0,165,0,0,165
30,214,45721,157,111,35126,157,103,10595,157
31,0,0,153,0,0,153,0,0,153
32,0,0,154,0,0,154,0,0,154
33,0,0,180,0,0,180,0,0,180
34,0,0,189,0,0,189,0,0,189
35,0,0,179,0,0,179,0,0,179
36,0,0,600,0,0,600,0,0,600
37,0,0,663,0,0,663,0,0,663
38,0,0,202,0,0,202,0,0,202
39,0,0,656,0,0,656,0,0,656
40,0,0,163,0,0,163,0,0,163
41,0,0,198,0,0,198,0,0,198
42,0,0,156,0,0,156,0,0,156
43,0,0,157,0,0,157,0,0,157
44,162,34682,154,86,25886,154,76,8796,154
45,0,0,159,0,0,159,0,0,159
46,0,0,156,0,0,156,0,0,156
47,1928,141981,152,983,77296,152,945,64685,152
48,1937,146091,157,990,78594,157,947,67497,157
49,1916,140535,155,975,76384,155,941,64151,155
50,1964,146520,152,1003,78918,152,961,67602,152
51,1897,141261,157,967,76875,157,930,64386,157
52,1987,150647,165,1016,80285,165,971,70362,165
53,1931,141987,157,984,77210,157,947,64777,157
54,1964,146660,153,1002,78889,153,962,67771,153
55,1931,142141,154,985,77454,154,946,64687,154
56,1953,147818,180,1001,79766,180,952,68052,180
57,1996,150115,189,1022,82068,189,974,68047,189
58,2064,160606,179,1066,87342,179,998,73264,179
59,2004,152294,600,1031,83426,600,973,68868,600
60,2026,156990,663,1043,84970,663,983,72020,663
61,1955,146060,202,1000,79708,202,955,66352,202
62,1979,148424,656,1010,79804,656,969,68620,656
63,1988,151277,163,1019,82746,163,969,68531,163
64,2002,150298,198,1024,81107,198,978,69191,198
65,1891,137468,156,960,74565,156,931,62903,156
66,1933,143198,157,985,76938,157,948,66260,157
67,1894,137625,154,961,74614,154,933,63011,154
68,1944,143741,159,990,77230,159,954,66511,159
69,1897,139501,156,964,75785,156,933,63716,156
70,0,0,152,0,0,152,0,0,152
71,0,0,157,0,0,157,0,0,157
72,0,0,155,0,0,155,0,0,155
73,0,0,152,0,0,152,0,0,152
74,0,0,157,0,0,157,0,0,157
75,0,0,165,0,0,165,0,0,165
76,0,0,157,0,0,157,0,0,157
77,0,0,153,0,0,153,0,0,153
78,0,0,154,0,0,154,0,0,154
79,0,0,180,0,0,180,0,0,180
80,0,0,189,0,0,189,0,0,189
81,0,0,179,0,0,179,0,0,179
82,0,0,600,0,0,600,0,0,600
83,0,0,663,0,0,663,0,0,663
84,0,0,202,0,0,202,0,0,202
85,0,0,656,0,0,656,0,0,656
86,0,0,163,0,0,163,0,0,163
87,0,0,198,0,0,198,0,0,198
88,0,0,156,0,0,156,0,0,156
89,0,0,157,0,0,157,0,0,157
90,0,0,154,0,0,154,0,0,154
91,0,0,159,0,0,159,0,0,159
92,0,0,156,0,0,156,0,0,156
93,97,9420,152,57,5374,152,40,4046,152
94,130,17668,157,80,8839,157,50,8829,157
95,92,9035,155,55,5163,155,37,3872,155
96,129,17549,152,80,8839,152,49,8710,152
97,102,10632,157,60,6072,157,42,4560,157
98,132,18098,165,81,8952,165,51,9146,165
99,92,9092,157,54,5085,157,38,4007,157
100,130,17884,153,80,8877,153,50,9007,153
101,125,17231,154,77,8453,154,48,8778,154
102,96,9511,180,57,5495,180,39,4016,180
103,139,19230,189,84,9718,189,55,9512,189
104,125,17231,179,77,8453,179,48,8778,179
105,97,9666,600,55,5257,600,42,4409,600
106,127,17412,663,78,8625,663,49,8787,663
107,96,9414,202,57,5365,202,39,4049,202
108,132,18170,656,80,8877,656,52,9293,656
109,136,18626,163,84,9473,163,52,9153,163
110,93,9138,198,55,5257,198,38,3881,198
111,131,17807,156,80,8839,156,51,8968,156
112,94,9104,157,56,5202,157,38,3902,157
113,133,18008,154,81,8905,154,52,9103,154
114,123,17191,159,76,8541,159,47,8650,159
115,104,10789,156,61,6317,156,43,4472,156
116,456,39663,152,294,23484,152,162,16179,152
117,441,37133,157,286,22358,157,155,14775,157
118,451,38595,155,291,22800,155,160,15795,155
119,441,37133,152,286,22358,152,155,14775,152
120,455,38978,157,294,23060,157,161,15918,157
121,440,37087,165,285,22312,165,155,14775,165
122,457,39717,157,295,23538,157,162,16179,157
123,454,38725,153,293,22888,153,161,15837,153
124,437,36949,154,283,22216,154,154,14733,154
125,457,38839,180,294,22918,180,163,15921,180
126,439,37025,189,284,22250,189,155,14775,189
127,451,38587,179,291,22792,179,160,15795,179
128,590,60254,600,354,33503,600,236,26751,600
129,442,37351,663,287,22576,663,155,14775,663
130,457,39027,202,295,23148,202,162,15879,202
131,446,38381,656,289,23222,656,157,15159,656
132,453,38671,163,292,22834,163,161,15837,163
133,457,38886,198,293,23431,198,164,15455,198
134,462,40105,156,297,23224,156,165,16881,156
135,454,38725,157,293,22888,157,161,15837,157
136,439,37049,154,285,22316,154,154,14733,154
137,459,39801,159,296,23580,159,163,16221,159
138,442,37171,156,286,22354,156,156,14817,156
139,1186,81150,152,596,41796,152,590,39354,152
140,1183,82100,157,597,42171,157,586,39929,157
141,1195,81950,155,601,42138,155,594,39812,155
142,1187,81930,152,598,42042,152,589,39888,152
143,1196,83977,157,607,43363,157,589,40614,157
144,1198,82180,165,604,42276,165,594,39904,165
145,1191,81414,157,601,42075,157,590,39339,157
146,1187,81788,153,601,42159,153,586,39629,153
147,1194,82317,154,601,42222,154,593,40095,154
148,1185,82691,180,602,42639,180,583,40052,180
149,1211,82776,189,611,42649,189,600,40127,189
150,1270,91946,179,659,48201,179,611,43745,179
151,1411,108104,600,756,58011,600,655,50093,600
152,1432,111900,663,770,59796,663,662,52104,663
153,1279,90954,202,654,47229,202,625,43725,202
154,1308,97731,656,688,51583,656,620,46148,656
155,1369,104690,163,725,55248,163,644,49442,163
156,1361,101442,198,718,53778,198,643,47664,198
157,1187,82530,156,600,42414,156,587,40116,156
158,1177,81706,157,598,42147,157,579,39559,157
159,1176,81008,154,594,41676,154,582,39332,154
160,1178,81400,159,596,41938,159,582,39462,159
161,1172,80910,156,593,41616,156,579,39294,156
162,3350,1088653,152,2666,998604,152,684,90049,152
163,3265,1078759,157,2612,992824,157,653,85935,157
164,3474,1107724,155,2731,1008012,155,743,99712,155
165,3060,1051923,152,2504,982738,152,556,69185,152
166,3223,1071705,157,2592,988385,157,631,83320,157
167,3267,1078366,165,2611,993474,165,656,84892,165
168,3200,1075827,157,2573,997530,157,627,78297,157
169,3024,1045759,153,2480,979419,153,544,66340,153
170,3277,1071616,154,2621,984984,154,656,86632,154
171,3914,1169289,180,2971,1042985,180,943,126304,180
172,3948,1151216,189,2983,1018805,189,965,132411,189
173,3236,1069422,179,2588,985771,179,648,83651,179
174,3865,1472190,600,3162,1383314,600,703,88876,600
175,4924,1759498,663,3880,1612330,663,1044,147168,663
176,6680,1933715,202,4833,1664968,202,1847,268747,202
177,5043,1637994,656,3846,1471295,656,1197,166699,656
178,3256,1080782,163,2606,997180,163,650,83602,163
179,3243,1079399,198,2597,999219,198,646,80180,198
180,3116,1061180,156,2530,986512,156,586,74668,156
181,3025,1054644,157,2480,985550,157,545,69094,157
182,2998,1045594,154,2467,977972,154,531,67622,154
183,2867,1024074,159,2386,965428,159,481,58646,159
184,3051,1061383,156,2489,994725,156,562,66658,156
185,1317,173751,152,651,74611,152,666,99140,152
186,2012,368192,157,1036,132219,157,976,235973,157
187,1903,302598,155,941,127306,155,962,175292,155
188,1725,261398,152,929,106724,152,796,154674,152
189,1903,380303,157,933,118735,157,970,261568,157
190,2758,719770,165,1381,172074,165,1377,547696,165
191,1833,344598,157,927,112397,157,906,232201,157
192,1570,216884,153,792,92148,153,778,124736,153
193,1951,400766,154,972,117072,154,979,283694,154
194,1881,316366,180,903,119194,180,978,197172,180
195,2295,556468,189,1122,153023,189,1173,403445,189
196,1822,293406,179,936,114402,179,886,179004,179
197,1296,280880,600,664,83606,600,632,197274,600
198,2792,753574,663,1386,178168,663,1406,575406,663
199,1699,658335,202,827,101251,202,872,557084,202
200,390,118060,656,200,46469,656,190,71591,656
201,166,30801,163,94,8507,163,72,22294,163
202,1952,639505,198,1034,168208,198,918,471297,198
203,555,162433,156,301,47437,156,254,114996,156
204,206,35879,157,119,13968,157,87,21911,157
205,43,3513,154,29,2511,154,14,1002,154
206,804,224431,159,410,60194,159,394,164237,159
207,201,53082,156,113,12711,156,88,40371,156
208,290,50965,152,175,18885,152,115,32080,152
209,272,50042,157,169,18667,157,103,31375,157
210,268,49747,155,167,18531,155,101,31216,155
211,275,50161,152,170,18705,152,105,31456,152
212,282,50552,157,176,19105,157,106,31447,157
213,272,50621,165,167,18787,165,105,31834,165
214,278,50471,157,171,18771,157,107,31700,157
215,279,50234,153,173,18835,153,106,31399,153
216,277,50398,154,170,18739,154,107,31659,154
217,284,50810,180,173,18855,180,111,31955,180
218,275,50140,189,170,18657,189,105,31483,189
219,275,50586,179,170,18916,179,105,31670,179
220,484,92835,600,277,30002,600,207,62833,600
221,640,126542,663,361,39080,663,279,87462,663
222,397,75588,202,232,25430,202,165,50158,202
223,354,67060,656,211,23183,656,143,43877,656
224,274,50132,163,169,18639,163,105,31493,163
225,464,87120,198,266,28951,198,198,58169,198
226,271,50047,156,166,18401,156,105,31646,156
227,270,49736,157,168,18553,157,102,31183,157
228,273,49914,154,169,18599,154,104,31315,154
229,267,49658,159,163,18071,159,104,31587,159
230,276,50358,156,168,18553,156,108,31805,156
231,941,66707,152,503,34371,152,438,32336,152
232,930,64974,157,496,33291,157,434,31683,157
233,912,64309,155,489,33220,155,423,31089,155
234,903,64697,152,486,33515,152,417,31182,152
235,932,72505,157,501,35564,157,431,36941,157
236,914,64108,165,489,32985,165,425,31123,165
237,942,66415,157,504,34247,157,438,32168,157
238,954,66113,153,507,33855,153,447,32258,153
239,913,63668,154,488,32778,154,425,30890,154
240,2714,1377691,180,1535,1210984,180,1179,166707,180
241,2899,1498339,189,1614,1315896,189,1285,182443,189
242,2672,1158862,179,1458,986457,179,1214,172405,179
243,3108,1658031,600,1723,1463195,600,1385,194836,600
244,3921,2290927,663,2204,2033975,663,1717,256952,663
245,3026,1588402,202,1654,1407165,202,1372,181237,202
246,2694,1360270,656,1486,1203537,656,1208,156733,656
247,1478,499110,163,819,425991,163,659,73119,163
248,2310,1109449,198,1283,990342,198,1027,119107,198
249,985,79518,156,524,37310,156,461,42208,156
250,922,64641,157,493,33208,157,429,31433,157
251,938,64720,154,503,33403,154,435,31317,154
252,900,63469,159,482,32614,159,418,30855,159
253,898,62852,156,482,32484,156,416,30368,156
254,556,93397,152,251,48894,152,305,44503,152
255,561,89960,157,265,47949,157,296,42011,157
256,454,72551,155,217,38694,155,237,33857,155
257,548,89317,152,252,46896,152,296,42421,152
258,608,100455,157,276,52858,157,332,47597,157
259,641,108222,165,278,56192,165,363,52030,165
260,649,109113,157,283,56284,157,366,52829,157
261,637,107783,153,276,55772,153,361,52011,153
262,512,83346,154,239,43967,154,273,39379,154
263,572,91594,180,273,48571,180,299,43023,180
264,430,67611,189,212,36642,189,218,30969,189
265,645,106343,179,288,55506,179,357,50837,179
266,619,104136,600,271,54130,600,348,50006,600
267,394,60403,663,202,33067,663,192,27336,663
268,686,117884,202,286,60423,202,400,57461,202
269,558,88884,656,265,47516,656,293,41368,656
270,651,109705,163,283,56812,163,368,52893,163
271,449,70079,198,223,37768,198,226,32311,198
272,632,103079,156,297,54874,156,335,48205,156
273,430,68549,157,206,36451,157,224,32098,157
274,574,93727,154,265,49264,154,309,44463,154
275,644,108206,159,282,56165,159,362,52041,159
276,536,87927,156,250,46492,156,286,41435,156
277,0,0,152,0,0,152,0,0,152
278,0,0,157,0,0,157,0,0,157
279,0,0,155,0,0,155,0,0,155
280,0,0,152,0,0,152,0,0,152
281,0,0,157,0,0,157,0,0,157
282,0,0,165,0,0,165,0,0,165
283,0,0,157,0,0,157,0,0,157
284,0,0,153,0,0,153,0,0,153
285,0,0,154,0,0,154,0,0,154
286,0,0,180,0,0,180,0,0,180
287,0,0,189,0,0,189,0,0,189
288,204,46994,179,110,32639,179,94,14355,179
289,0,0,600,0,0,600,0,0,600
290,0,0,663,0,0,663,0,0,663
291,0,0,202,0,0,202,0,0,202
292,0,0,656,0,0,656,0,0,656
293,0,0,163,0,0,163,0,0,163
294,0,0,198,0,0,198,0,0,198
295,0,0,156,0,0,156,0,0,156
296,0,0,157,0,0,157,0,0,157
297,0,0,154,0,0,154,0,0,154
298,0,0,159,0,0,159,0,0,159
299,0,0,156,0,0,156,0,0,156
300,0,0,152,0,0,152,0,0,152
301,0,0,157,0,0,157,0,0,157
302,0,0,155,0,0,155,0,0,155
303,0,0,152,0,0,152,0,0,152
304,0,0,157,0,0,157,0,0,157
305,0,0,165,0,0,165,0,0,165
306,0,0,157,0,0,157,0,0,157
307,0,0,153,0,0,153,0,0,153
308,0,0,154,0,0,154,0,0,154
309,0,0,180,0,0,180,0,0,180
310,0,0,189,0,0,189,0,0,189
311,0,0,179,0,0,179,0,0,179
312,0,0,600,0,0,600,0,0,600
313,0,0,663,0,0,663,0,0,663
314,0,0,202,0,0,202,0,0,202
315,0,0,656,0,0,656,0,0,656
316,0,0,163,0,0,163,0,0,163
317,0,0,198,0,0,198,0,0,198
318,0,0,156,0,0,156,0,0,156
319,0,0,157,0,0,157,0,0,157
320,0,0,154,0,0,154,0,0,154
321,0,0,159,0,0,159,0,0,159
322,0,0,156,0,0,156,0,0,156
323,0,0,152,0,0,152,0,0,152
324,0,0,157,0,0,157,0,0,157
325,0,0,155,0,0,155,0,0,155
326,0,0,152,0,0,152,0,0,152
327,0,0,157,0,0,157,0,0,157
328,0,0,165,0,0,165,0,0,165
329,0,0,157,0,0,157,0,0,157
330,0,0,153,0,0,153,0,0,153
331,0,0,154,0,0,154,0,0,154
332,0,0,180,0,0,180,0,0,180
333,0,0,189,0,0,189,0,0,189
334,0,0,179,0,0,179,0,0,179
335,0,0,600,0,0,600,0,0,600
336,0,0,663,0,0,663,0,0,663
337,0,0,202,0,0,202,0,0,202
338,0,0,656,0,0,656,0,0,656
339,0,0,163,0,0,163,0,0,163
340,0,0,198,0,0,198,0,0,198
341,0,0,156,0,0,156,0,0,156
342,0,0,157,0,0,157,0,0,157
343,0,0,154,0,0,154,0,0,154
344,0,0,159,0,0,159,0,0,159
345,0,0,156,0,0,156,0,0,156
346,0,0,152,0,0,152,0,0,152
347,0,0,157,0,0,157,0,0,157
348,0,0,155,0,0,155,0,0,155
349,0,0,152,0,0,152,0,0,152
350,0,0,157,0,0,157,0,0,157
351,0,0,165,0,0,165,0,0,165
352,0,0,157,0,0,157,0,0,157
353,0,0,153,0,0,153,0,0,153
354,0,0,154,0,0,154,0,0,154
355,0,0,180,0,0,180,0,0,180
356,0,0,189,0,0,189,0,0,189
357,0,0,179,0,0,179,0,0,179
358,0,0,600,0,0,600,0,0,600
359,0,0,663,0,0,663,0,0,663
360,0,0,202,0,0,202,0,0,202
361,0,0,656,0,0,656,0,0,656
362,0,0,163,0,0,163,0,0,163
363,0,0,198,0,0,198,0,0,198
364,0,0,156,0,0,156,0,0,156
365,0,0,157,0,0,157,0,0,157
366,0,0,154,0,0,154,0,0,154
367,0,0,159,0,0,159,0,0,159
368,0,0,156,0,0,156,0,0,156
369,0,0,152,0,0,152,0,0,152
370,0,0,157,0,0,157,0,0,157
371,0,0,155,0,0,155,0,0,155
372,0,0,152,0,0,152,0,0,152
373,0,0,157,0,0,157,0,0,157
374,0,0,165,0,0,165,0,0,165
375,0,0,157,0,0,157,0,0,157
376,0,0,153,0,0,153,0,0,153
377,0,0,154,0,0,154,0,0,154
378,0,0,180,0,0,180,0,0,180
379,0,0,189,0,0,189,0,0,189
380,0,0,179,0,0,179,0,0,179
381,0,0,600,0,0,600,0,0,600
382,0,0,663,0,0,663,0,0,663
383,0,0,202,0,0,202,0,0,202
384,0,0,656,0,0,656,0,0,656
385,0,0,163,0,0,163,0,0,163
386,0,0,198,0,0,198,0,0,198
387,0,0,156,0,0,156,0,0,156
388,0,0,157,0,0,157,0,0,157
389,0,0,154,0,0,154,0,0,154
390,0,0,159,0,0,159,0,0,159
391,0,0,156,0,0,156,0,0,156
392,0,0,152,0,0,152,0,0,152
393,0,0,157,0,0,157,0,0,157
394,0,0,155,0,0,155,0,0,155
395,0,0,152,0,0,152,0,0,152
396,0,0,157,0,0,157,0,0,157
397,0,0,165,0,0,165,0,0,165
398,0,0,157,0,0,157,0,0,157
399,0,0,153,0,0,153,0,0,153
400,0,0,154,0,0,154,0,0,154
401,0,0,180,0,0,180,0,0,180
402,0,0,189,0,0,189,0,0,189
403,0,0,179,0,0,179,0,0,179
404,0,0,600,0,0,600,0,0,600
405,0,0,663,0,0,663,0,0,663
406,0,0,202,0,0,202,0,0,202
407,0,0,656,0,0,656,0,0,656
408,0,0,163,0,0,163,0,0,163
409,0,0,198,0,0,198,0,0,198
410,0,0,156,0,0,156,0,0,156
411,0,0,157,0,0,157,0,0,157
412,0,0,154,0,0,154,0,0,154
413,0,0,159,0,0,159,0,0,159
414,0,0,156,0,0,156,0,0,156
415,0,0,152,0,0,152,0,0,152
416,0,0,157,0,0,157,0,0,157
417,0,0,155,0,0,155,0,0,155
418,0,0,152,0,0,152,0,0,152
419,0,0,157,0,0,157,0,0,157
420,0,0,165,0,0,165,0,0,165
421,0,0,157,0,0,157,0,0,157
422,0,0,153,0,0,153,0,0,153
423,0,0,154,0,0,154,0,0,154
424,0,0,180,0,0,180,0,0,180
425,0,0,189,0,0,189,0,0,189
426,0,0,179,0,0,179,0,0,179
427,256,44341,600,148,12364,600,108,31977,600
428,430,98649,663,243,27071,663,187,71578,663
429,0,0,202,0,0,202,0,0,202
430,0,0,656,0,0,656,0,0,656
431,0,0,163,0,0,163,0,0,163
432,0,0,198,0,0,198,0,0,198
433,0,0,156,0,0,156,0,0,156
434,0,0,157,0,0,157,0,0,157
435,0,0,154,0,0,154,0,0,154
436,0,0,159,0,0,159,0,0,159
437,0,0,156,0,0,156,0,0,156
438,327,25680,152,241,20892,152,86,4788,152
439,361,28849,157,270,23550,157,91,5299,157
440,354,28178,155,264,23126,155,90,5052,155
441,347,27483,152,263,22730,152,84,4753,152
442,360,29694,157,263,23563,157,97,6131,157
443,347,27480,165,261,22692,165,86,4788,165
444,354,28908,157,263,23350,157,91,5558,157
445,348,27658,153,260,22714,153,88,4944,153
446,354,28407,154,263,23108,154,91,5299,154
447,356,28623,180,263,23216,180,93,5407,180
448,360,28828,189,268,23467,189,92,5361,189
449,364,29193,179,272,23816,179,92,5377,179
450,3528,2381501,600,1632,779688,600,1896,1601813,600
451,2109,599472,663,1178,371998,663,931,227474,663
452,751,185044,202,456,126920,202,295,58124,202
453,742,186066,656,451,127276,656,291,58790,656
454,363,29147,163,270,23587,163,93,5560,163
455,401,38467,198,286,27297,198,115,11170,198
456,341,27437,156,252,22294,156,89,5143,156
457,360,28849,157,268,23472,157,92,5377,157
458,357,28318,154,268,23296,154,89,5022,154
459,359,28653,159,270,23522,159,89,5131,159
460,348,27440,156,262,22547,156,86,4893,156
461,0,0,152,0,0,152,0,0,152
462,0,0,157,0,0,157,0,0,157
463,0,0,155,0,0,155,0,0,155
464,0,0,152,0,0,152,0,0,152
465,0,0,157,0,0,157,0,0,157
466,0,0,165,0,0,165,0,0,165
467,0,0,157,0,0,157,0,0,157
468,0,0,153,0,0,153,0,0,153
469,0,0,154,0,0,154,0,0,154
470,0,0,180,0,0,180,0,0,180
471,0,0,189,0,0,189,0,0,189
472,0,0,179,0,0,179,0,0,179
473,0,0,600,0,0,600,0,0,600
474,0,0,663,0,0,663,0,0,663
475,0,0,202,0,0,202,0,0,202
476,0,0,656,0,0,656,0,0,656
477,0,0,163,0,0,163,0,0,163
478,0,0,198,0,0,198,0,0,198
479,0,0,156,0,0,156,0,0,156
480,0,0,157,0,0,157,0,0,157
481,0,0,154,0,0,154,0,0,154
482,0,0,159,0,0,159,0,0,159
483,0,0,156,0,0,156,0,0,156
484,6878,762302,152,3442,530088,152,3436,232214,152
485,6876,764116,157,3441,531740,157,3435,232376,157
486,7004,776936,155,3505,540492,155,3499,236444,155
487,6945,770968,152,3475,536426,152,3470,234542,152
488,6986,776976,157,3496,540706,157,3490,236270,157
489,7026,778914,165,3516,541900,165,3510,237014,165
490,7261,808566,157,3634,563722,157,3627,244844,157
491,7627,853372,153,3816,596516,153,3811,256856,153
492,9861,1167592,154,4934,836692,154,4927,330900,154
493,13644,1647516,180,6825,1191784,180,6819,455732,180
494,17670,2456096,189,8862,1867726,189,8808,588370,189
495,16247,2276880,179,8141,1735150,179,8106,541730,179
496,19364,2868386,600,9715,2224028,600,9649,644358,600
497,15908,2164020,663,7980,1633910,663,7928,530110,663
498,19617,2499728,202,9815,1847404,202,9802,652324,202
499,13084,1802716,656,6574,1365812,656,6510,436904,656
500,8962,1018110,163,4484,716812,163,4478,301298,163
501,9530,1219144,198,4780,899612,198,4750,319532,198
502,7414,847550,156,3710,597128,156,3704,250422,156
503,6918,769436,157,3465,535752,157,3453,233684,157
504,7002,777656,154,3504,541170,154,3498,236486,154
505,6912,767176,159,3459,533624,159,3453,233552,159
506,6955,788626,156,3480,553004,156,3475,235622,156
507,0,0,152,0,0,152,0,0,152
508,0,0,157,0,0,157,0,0,157
509,0,0,155,0,0,155,0,0,155
510,0,0,152,0,0,152,0,0,152
511,0,0,157,0,0,157,0,0,157
512,0,0,165,0,0,165,0,0,165
513,0,0,157,0,0,157,0,0,157
514,0,0,153,0,0,153,0,0,153
515,0,0,154,0,0,154,0,0,154
516,0,0,180,0,0,180,0,0,180
517,0,0,189,0,0,189,0,0,189
518,0,0,179,0,0,179,0,0,179
519,0,0,600,0,0,600,0,0,600
520,0,0,663,0,0,663,0,0,663
521,0,0,202,0,0,202,0,0,202
522,0,0,656,0,0,656,0,0,656
523,0,0,163,0,0,163,0,0,163
524,0,0,198,0,0,198,0,0,198
525,0,0,156,0,0,156,0,0,156
526,0,0,157,0,0,157,0,0,157
527,0,0,154,0,0,154,0,0,154
528,0,0,159,0,0,159,0,0,159
529,0,0,156,0,0,156,0,0,156
530,3275,803935,152,1628,158373,152,1647,645562,152
531,3263,826224,157,1619,157369,157,1644,668855,157
532,3597,912156,155,1773,172229,155,1824,739927,155
533,2997,734780,152,1495,145803,152,1502,588977,152
534,6888,1352599,157,3452,341345,157,3436,1011254,157
535,3031,743037,165,1516,147128,165,1515,595909,165
536,3334,836917,157,1663,161192,157,1671,675725,157
537,3439,860530,153,1704,165530,153,1735,695000,153
538,3017,749586,154,1500,145479,154,1517,604107,154
539,3280,787887,180,1634,159584,180,1646,628303,180
540,3299,841782,189,1635,158278,189,1664,683504,189
541,2984,732685,179,1498,145490,179,1486,587195,179
542,4520,1292663,600,2276,345569,600,2244,947094,600
543,4410,1283058,663,2239,281153,663,2171,1001905,663
544,4555,1298831,202,2300,269582,202,2255,1029249,202
545,4454,1333539,656,2236,422504,656,2218,911035,656
546,6845,1341227,163,3436,340420,163,3409,1000807,163
547,3396,860669,198,1693,217110,198,1703,643559,198
548,2896,708867,156,1447,150929,156,1449,557938,156
549,3529,894240,157,1741,169952,157,1788,724288,157
550,3166,803872,154,1570,152910,154,1596,650962,154
551,3098,784696,159,1544,150320,159,1554,634376,159
552,3361,832171,156,1663,163065,156,1698,669106,156
553,2586,661761,152,1392,547754,152,1194,114007,152
554,2583,686126,157,1392,572297,157,1191,113829,157
555,2902,765304,155,1568,637809,155,1334,127495,155
556,2317,594806,152,1253,492869,152,1064,101937,152
557,6233,1221511,157,3221,926800,157,3012,294711,157
558,2338,601156,165,1263,498278,165,1075,102878,165
559,2582,682400,157,1395,568970,157,1187,113430,157
560,2775,723762,153,1498,601613,153,1277,122149,153
561,2423,626130,154,1315,520167,154,1108,105963,154
562,2454,616680,180,1328,508404,180,1126,108276,180
563,2677,712687,189,1447,595749,189,1230,116938,189
564,2334,599936,179,1260,497124,179,1074,102812,179
565,2770,725621,600,1504,604384,600,1266,121237,600
566,2432,631392,663,1314,524434,663,1118,106958,663
567,2719,703738,202,1464,583829,202,1255,119909,202
568,2498,652176,656,1354,542730,656,1144,109446,656
569,6197,1216560,163,3198,917882,163,2999,298678,163
570,2518,636976,198,1362,525988,198,1156,110988,198
571,2196,550604,156,1191,454248,156,1005,96356,156
572,2862,750640,157,1544,624702,157,1318,125938,157
573,2549,671823,154,1375,560009,154,1174,111814,154
574,2525,662214,159,1364,551288,159,1161,110926,159
575,2614,672376,156,1406,556643,156,1208,115733,156
576,0,0,152,0,0,152,0,0,152
577,0,0,157,0,0,157,0,0,157
578,0,0,155,0,0,155,0,0,155
579,0,0,152,0,0,152,0,0,152
580,0,0,157,0,0,157,0,0,157
581,0,0,165,0,0,165,0,0,165
582,0,0,157,0,0,157,0,0,157
583,0,0,153,0,0,153,0,0,153
584,0,0,154,0,0,154,0,0,154
585,0,0,180,0,0,180,0,0,180
586,0,0,189,0,0,189,0,0,189
587,0,0,179,0,0,179,0,0,179
588,0,0,600,0,0,600,0,0,600
589,0,0,663,0,0,663,0,0,663
590,0,0,202,0,0,202,0,0,202
591,0,0,656,0,0,656,0,0,656
592,0,0,163,0,0,163,0,0,163
593,59,7237,198,33,3469,198,26,3768,198
594,0,0,156,0,0,156,0,0,156
595,0,0,157,0,0,157,0,0,157
596,0,0,154,0,0,154,0,0,154
597,0,0,159,0,0,159,0,0,159
598,0,0,156,0,0,156,0,0,156
599,0,0,152,0,0,152,0,0,152
600,0,0,157,0,0,157,0,0,157
601,0,0,155,0,0,155,0,0,155
602,0,0,152,0,0,152,0,0,152
603,0,0,157,0,0,157,0,0,157
604,0,0,165,0,0,165,0,0,165
605,0,0,157,0,0,157,0,0,157
606,0,0,153,0,0,153,0,0,153
607,0,0,154,0,0,154,0,0,154
608,0,0,180,0,0,180,0,0,180
609,0,0,189,0,0,189,0,0,189
610,0,0,179,0,0,179,0,0,179
611,3029,842463,600,1575,319059,600,1454,523404,600
612,12237,7808103,663,5077,873795,663,7160,6934308,663
613,0,0,202,0,0,202,0,0,202
614,4523,1648602,656,2398,478974,656,2125,1169628,656
615,0,0,163,0,0,163,0,0,163
616,0,0,198,0,0,198,0,0,198
617,0,0,156,0,0,156,0,0,156
618,0,0,157,0,0,157,0,0,157
619,0,0,154,0,0,154,0,0,154
620,0,0,159,0,0,159,0,0,159
621,0,0,156,0,0,156,0,0,156
622,0,0,152,0,0,152,0,0,152
623,0,0,157,0,0,157,0,0,157
624,0,0,155,0,0,155,0,0,155
625,0,0,152,0,0,152,0,0,152
626,0,0,157,0,0,157,0,0,157
627,0,0,165,0,0,165,0,0,165
628,0,0,157,0,0,157,0,0,157
629,0,0,153,0,0,153,0,0,153
630,0,0,154,0,0,154,0,0,154
631,0,0,180,0,0,180,0,0,180
632,0,0,189,0,0,189,0,0,189
633,0,0,179,0,0,179,0,0,179
634,80507,65321000,600,31612,5778265,600,48895,59542735,600
635,94964,80926887,663,34990,4569684,663,59974,76357203,663
636,7236,2171186,202,4311,1105123,202,2925,1066063,202
637,72946,64217066,656,26289,3320886,656,46657,60896180,656
638,0,0,163,0,0,163,0,0,163
639,0,0,198,0,0,198,0,0,198
640,0,0,156,0,0,156,0,0,156
641,0,0,157,0,0,157,0,0,157
642,0,0,154,0,0,154,0,0,154
643,0,0,159,0,0,159,0,0,159
644,0,0,156,0,0,156,0,0,156
645,2206,241626,152,1315,147184,152,891,94442,152
646,2151,236210,157,1292,146165,157,859,90045,157
647,2253,243054,155,1349,149726,155,904,93328,155
648,2141,227026,152,1286,143360,152,855,83666,152
649,2083,228221,157,1256,138816,157,827,89405,157
650,2221,259143,165,1332,159094,165,889,100049,165
651,2185,240806,157,1315,146752,157,870,94054,157
652,2134,228699,153,1275,142550,153,859,86149,153
653,2140,231327,154,1282,141119,154,858,90208,154
654,2238,244058,180,1341,149752,180,897,94306,180
655,2244,244501,189,1342,149911,189,902,94590,189
656,2181,240986,179,1308,146441,179,873,94545,179
657,2262,252169,600,1355,157681,600,907,94488,600
658,2097,216406,663,1251,136462,663,846,79944,663
659,2226,241218,202,1331,148396,202,895,92822,202
660,2296,250941,656,1368,153661,656,928,97280,656
661,2204,241010,163,1311,147306,163,893,93704,163
662,2219,241528,198,1333,148509,198,886,93019,198
663,2269,247836,156,1347,150884,156,922,96952,156
664,2091,230576,157,1258,139283,157,833,91293,157
665,2308,249729,154,1374,152970,154,934,96759,154
666,2198,244506,159,1318,149171,159,880,95335,159
667,2157,230560,156,1296,145012,156,861,85548,156
668,2299,249244,152,1376,150815,152,923,98429,152
669,2171,234906,169,1301,146024,169,870,88882,169
670,2269,258280,154,1362,159377,154,907,98903,154
671,2265,244978,154,1354,149968,154,911,95010,154
672,2292,240782,153,1353,149465,153,939,91317,153
673,2098,222941,154,1264,138578,154,834,84363,154
674,2166,236902,155,1303,146168,155,863,90734,155
675,4078,432382,200,2363,238093,200,1715,194289,200
676,2245,248545,155,1347,150582,155,898,97963,155
677,2192,240361,155,1312,147389,155,880,92972,155
678,2063,217231,165,1236,135362,165,827,81869,165
679,2215,243663,159,1336,150503,159,879,93160,159
680,60822,52022332,682,19306,1365976,682,41516,50656356,682
681,72020,60853492,692,23207,1616376,692,48813,59237116,692
682,75971,64281947,699,24168,1651492,699,51803,62630455,699
683,58513,49683845,675,18997,2140493,675,39516,47543352,675
684,2316,248687,154,1331,149475,154,985,99212,154
685,2197,236155,154,1277,143356,154,920,92799,154
686,2189,244249,160,1274,147282,160,915,96967,160
687,2300,252474,162,1337,151679,162,963,100795,162
688,2261,250571,153,1312,149146,153,949,101425,153
689,2333,254758,153,1345,152336,153,988,102422,153
690,2158,224327,154,1253,139244,154,905,85083,154
691,0,0,152,0,0,152,0,0,152
692,0,0,169,0,0,169,0,0,169
693,0,0,154,0,0,154,0,0,154
694,0,0,154,0,0,154,0,0,154
695,0,0,153,0,0,153,0,0,153
696,0,0,154,0,0,154,0,0,154
697,0,0,155,0,0,155,0,0,155
698,0,0,200,0,0,200,0,0,200
699,0,0,155,0,0,155,0,0,155
700,0,0,155,0,0,155,0,0,155
701,0,0,165,0,0,165,0,0,165
702,0,0,159,0,0,159,0,0,159
703,0,0,682,0,0,682,0,0,682
704,0,0,692,0,0,692,0,0,692
705,0,0,699,0,0,699,0,0,699
706,0,0,675,0,0,675,0,0,675
707,0,0,154,0,0,154,0,0,154
708,0,0,154,0,0,154,0,0,154
709,0,0,160,0,0,160,0,0,160
710,0,0,162,0,0,162,0,0,162
711,0,0,153,0,0,153,0,0,153
712,0,0,153,0,0,153,0,0,153
713,0,0,154,0,0,154,0,0,154
714,0,0,152,0,0,152,0,0,152
715,0,0,169,0,0,169,0,0,169
716,0,0,154,0,0,154,0,0,154
717,0,0,154,0,0,154,0,0,154
718,0,0,153,0,0,153,0,0,153
719,0,0,154,0,0,154,0,0,154
720,0,0,155,0,0,155,0,0,155
721,0,0,200,0,0,200,0,0,200
722,0,0,155,0,0,155,0,0,155
723,0,0,155,0,0,155,0,0,155
724,0,0,165,0,0,165,0,0,165
725,0,0,159,0,0,159,0,0,159
726,0,0,682,0,0,682,0,0,682
727,0,0,692,0,0,692,0,0,692
728,0,0,699,0,0,699,0,0,699
729,0,0,675,0,0,675,0,0,675
730,0,0,154,0,0,154,0,0,154
731,0,0,154,0,0,154,0,0,154
732,0,0,160,0,0,160,0,0,160
733,0,0,162,0,0,162,0,0,162
734,0,0,153,0,0,153,0,0,153
735,0,0,153,0,0,153,0,0,153
736,0,0,154,0,0,154,0,0,154
737,3070,760525,152,1529,149674,152,1541,610851,152
738,3329,828641,169,1652,161162,169,1677,667479,169
739,3107,776396,154,1536,150912,154,1571,625484,154
740,3319,830979,154,1647,160895,154,1672,670084,154
741,6805,1354447,153,3388,336872,153,3417,1017575,153
742,3339,828577,154,1658,161861,154,1681,666716,154
743,3289,827101,155,1634,159755,155,1655,667346,155
744,3014,736760,200,1528,158062,200,1486,578698,200
745,3118,769628,155,1549,151080,155,1569,618548,155
746,3039,758160,155,1515,148006,155,1524,610154,155
747,2898,712520,165,1445,141302,165,1453,571218,165
748,3420,863729,159,1743,200479,159,1677,663250,159
749,2972,732404,682,1489,151310,682,1483,581094,682
750,3132,769644,692,1552,152160,692,1580,617484,692
751,3264,836743,699,1616,157426,699,1648,679317,699
752,2797,682794,675,1399,136846,675,1398,545948,675
753,5058,1066950,154,2516,250930,154,2542,816020,154
754,3077,769767,154,1524,149335,154,1553,620432,154
755,3611,945032,160,1781,182638,160,1830,762394,160
756,3150,777825,162,1564,152721,162,1586,625104,162
757,3101,778804,153,1538,150276,153,1563,628528,153
758,3250,802707,153,1612,158098,153,1638,644609,153
759,3121,789838,154,1553,151448,154,1568,638390,154
760,2369,610870,152,1280,506630,152,1089,104240,152
761,2660,687744,169,1432,570142,169,1228,117602,169
762,2390,620860,154,1295,515826,154,1095,105034,154
763,2695,698274,154,1455,579442,154,1240,118832,154
764,6128,1209438,153,3176,920922,153,2952,288516,153
765,2644,682412,154,1422,565445,154,1222,116967,154
766,2532,666073,155,1365,555036,155,1167,111037,155
767,2467,617791,200,1356,505075,200,1111,112716,200
768,2539,646886,155,1367,534484,155,1172,112402,155
769,2391,620630,155,1292,515380,155,1099,105250,155
770,2280,580496,165,1233,480190,165,1047,100306,165
771,2779,724830,159,1551,607659,159,1228,117171,159
772,2321,592990,682,1267,492071,682,1054,100919,682
773,2507,637130,692,1357,526458,692,1150,110672,692
774,2632,702100,699,1419,586198,699,1213,115902,699
775,2204,558788,675,1188,461308,675,1016,97480,675
776,4448,942991,154,2343,732647,154,2105,210344,154
777,2414,626116,154,1306,520077,154,1108,106039,154
778,2866,779216,160,1550,653619,160,1316,125597,160
779,2570,653004,162,1391,540045,162,1179,112959,162
780,2464,641988,153,1335,534066,153,1129,107922,153
781,2565,657314,153,1381,543582,153,1184,113732,153
782,2496,660068,154,1345,549834,154,1151,110234,154
783,0,0,152,0,0,152,0,0,152
784,0,0,169,0,0,169,0,0,169
785,0,0,154,0,0,154,0,0,154
786,0,0,154,0,0,154,0,0,154
787,0,0,153,0,0,153,0,0,153
788,0,0,154,0,0,154,0,0,154
789,0,0,155,0,0,155,0,0,155
790,0,0,200,0,0,200,0,0,200
791,0,0,155,0,0,155,0,0,155
792,0,0,155,0,0,155,0,0,155
793,0,0,165,0,0,165,0,0,165
794,0,0,159,0,0,159,0,0,159
795,0,0,682,0,0,682,0,0,682
796,0,0,692,0,0,692,0,0,692
797,0,0,699,0,0,699,0,0,699
798,0,0,675,0,0,675,0,0,675
799,0,0,154,0,0,154,0,0,154
800,0,0,154,0,0,154,0,0,154
801,0,0,160,0,0,160,0,0,160
802,0,0,162,0,0,162,0,0,162
803,0,0,153,0,0,153,0,0,153
804,0,0,153,0,0,153,0,0,153
805,0,0,154,0,0,154,0,0,154
806,0,0,152,0,0,152,0,0,152
807,0,0,169,0,0,169,0,0,169
808,0,0,154,0,0,154,0,0,154
809,0,0,154,0,0,154,0,0,154
810,0,0,153,0,0,153,0,0,153
811,0,0,154,0,0,154,0,0,154
812,0,0,155,0,0,155,0,0,155
813,0,0,200,0,0,200,0,0,200
814,0,0,155,0,0,155,0,0,155
815,0,0,155,0,0,155,0,0,155
816,0,0,165,0,0,165,0,0,165
817,0,0,159,0,0,159,0,0,159
818,0,0,682,0,0,682,0,0,682
819,0,0,692,0,0,692,0,0,692
820,0,0,699,0,0,699,0,0,699
821,0,0,675,0,0,675,0,0,675
822,0,0,154,0,0,154,0,0,154
823,0,0,154,0,0,154,0,0,154
824,0,0,160,0,0,160,0,0,160
825,0,0,162,0,0,162,0,0,162
826,0,0,153,0,0,153,0,0,153
827,0,0,153,0,0,153,0,0,153
828,0,0,154,0,0,154,0,0,154
829,6892,762572,152,3449,530112,152,3443,232460,152
830,6832,757406,169,3419,526554,169,3413,230852,169
831,6817,757442,154,3411,526774,154,3406,230668,154
832,6932,768592,154,3469,534582,154,3463,234010,154
833,6932,767502,153,3469,533398,153,3463,234104,153
834,7102,788332,154,3554,548714,154,3548,239618,154
835,6980,775532,155,3493,539856,155,3487,235676,155
836,6037,1640262,200,3153,1421465,200,2884,218797,200
837,5924,662932,155,2965,461852,155,2959,201080,155
838,6352,711872,155,3179,496584,155,3173,215288,155
839,6278,704826,165,3142,492400,165,3136,212426,165
840,7600,850554,159,3803,594488,159,3797,256066,159
841,7254,808658,682,3630,563736,682,3624,244922,682
842,7224,813838,692,3615,569882,692,3609,243956,692
843,7552,843268,699,3779,588942,699,3773,254326,699
844,7020,778028,675,3513,541380,675,3507,236648,675
845,6874,761720,154,3440,529554,154,3434,232166,154
846,7110,788432,154,3558,548466,154,3552,239966,154
847,7127,823202,160,3568,582154,160,3559,241048,160
848,6912,769012,162,3459,535280,162,3453,233732,162
849,6736,745290,153,3371,517870,153,3365,227420,153
850,6882,764312,153,3444,531750,153,3438,232562,153
851,6902,765218,154,3454,532152,154,3448,233066,154
852,363,29151,152,269,23666,152,94,5485,152
853,339,26826,169,254,22116,169,85,4710,169
854,351,27959,154,265,23050,154,86,4909,154
855,352,28297,154,264,23232,154,88,5065,154
856,347,28193,153,254,22519,153,93,5674,153
857,359,28745,154,268,23458,154,91,5287,154
858,351,27677,155,266,22882,155,85,4795,155
859,560,68456,200,391,40261,200,169,28195,200
860,338,26448,155,255,21894,155,83,4554,155
861,364,29418,155,274,23962,155,90,5456,155
862,359,28659,165,271,23497,165,88,5162,165
863,341,26964,159,255,22176,159,86,4788,159
864,368,29563,682,277,24312,682,91,5251,682
865,367,29485,692,276,24186,692,91,5299,692
866,371,29480,699,281,24428,699,90,5052,699
867,367,29734,675,280,24476,675,87,5258,675
868,373,30075,154,282,24671,154,91,5404,154
869,410,38384,154,297,27575,154,113,10809,154
870,350,27612,160,265,22902,160,85,4710,160
871,371,29875,162,279,24498,162,92,5377,162
872,370,29657,153,283,24520,153,87,5137,153
873,369,29753,153,274,24190,153,95,5563,153
874,358,28825,154,265,23277,154,93,5548,154
875,0,0,152,0,0,152,0,0,152
876,0,0,169,0,0,169,0,0,169
877,0,0,154,0,0,154,0,0,154
878,0,0,154,0,0,154,0,0,154
879,0,0,153,0,0,153,0,0,153
880,0,0,154,0,0,154,0,0,154
881,0,0,155,0,0,155,0,0,155
882,0,0,200,0,0,200,0,0,200
883,0,0,155,0,0,155,0,0,155
884,0,0,155,0,0,155,0,0,155
885,0,0,165,0,0,165,0,0,165
886,0,0,159,0,0,159,0,0,159
887,0,0,682,0,0,682,0,0,682
888,0,0,692,0,0,692,0,0,692
889,0,0,699,0,0,699,0,0,699
890,0,0,675,0,0,675,0,0,675
891,0,0,154,0,0,154,0,0,154
892,0,0,154,0,0,154,0,0,154
893,0,0,160,0,0,160,0,0,160
894,0,0,162,0,0,162,0,0,162
895,0,0,153,0,0,153,0,0,153
896,0,0,153,0,0,153,0,0,153
897,0,0,154,0,0,154,0,0,154
898,0,0,152,0,0,152,0,0,152
899,0,0,169,0,0,169,0,0,169
900,0,0,154,0,0,154,0,0,154
901,0,0,154,0,0,154,0,0,154
902,0,0,153,0,0,153,0,0,153
903,0,0,154,0,0,154,0,0,154
904,0,0,155,0,0,155,0,0,155
905,0,0,200,0,0,200,0,0,200
906,0,0,155,0,0,155,0,0,155
907,0,0,155,0,0,155,0,0,155
908,0,0,165,0,0,165,0,0,165
909,0,0,159,0,0,159,0,0,159
910,0,0,682,0,0,682,0,0,682
911,0,0,692,0,0,692,0,0,692
912,0,0,699,0,0,699,0,0,699
913,0,0,675,0,0,675,0,0,675
914,0,0,154,0,0,154,0,0,154
915,0,0,154,0,0,154,0,0,154
916,0,0,160,0,0,160,0,0,160
917,0,0,162,0,0,162,0,0,162
918,0,0,153,0,0,153,0,0,153
919,0,0,153,0,0,153,0,0,153
920,0,0,154,0,0,154,0,0,154
921,0,0,152,0,0,152,0,0,152
922,0,0,169,0,0,169,0,0,169
923,0,0,154,0,0,154,0,0,154
924,0,0,154,0,0,154,0,0,154
925,0,0,153,0,0,153,0,0,153
926,0,0,154,0,0,154,0,0,154
927,0,0,155,0,0,155,0,0,155
928,0,0,200,0,0,200,0,0,200
929,0,0,155,0,0,155,0,0,155
930,0,0,155,0,0,155,0,0,155
931,0,0,165,0,0,165,0,0,165
932,0,0,159,0,0,159,0,0,159
933,0,0,682,0,0,682,0,0,682
934,0,0,692,0,0,692,0,0,692
935,0,0,699,0,0,699,0,0,699
936,0,0,675,0,0,675,0,0,675
937,0,0,154,0,0,154,0,0,154
938,0,0,154,0,0,154,0,0,154
939,0,0,160,0,0,160,0,0,160
940,0,0,162,0,0,162,0,0,162
941,0,0,153,0,0,153,0,0,153
942,0,0,153,0,0,153,0,0,153
943,0,0,154,0,0,154,0,0,154
944,0,0,152,0,0,152,0,0,152
945,0,0,169,0,0,169,0,0,169
946,0,0,154,0,0,154,0,0,154
947,0,0,154,0,0,154,0,0,154
948,0,0,153,0,0,153,0,0,153
949,0,0,154,0,0,154,0,0,154
950,0,0,155,0,0,155,0,0,155
951,0,0,200,0,0,200,0,0,200
952,0,0,155,0,0,155,0,0,155
953,0,0,155,0,0,155,0,0,155
954,0,0,165,0,0,165,0,0,165
955,0,0,159,0,0,159,0,0,159
956,0,0,682,0,0,682,0,0,682
957,0,0,692,0,0,692,0,0,692
958,0,0,699,0,0,699,0,0,699
959,0,0,675,0,0,675,0,0,675
960,0,0,154,0,0,154,0,0,154
961,0,0,154,0,0,154,0,0,154
962,0,0,160,0,0,160,0,0,160
963,0,0,162,0,0,162,0,0,162
964,0,0,153,0,0,153,0,0,153
965,0,0,153,0,0,153,0,0,153
966,0,0,154,0,0,154,0,0,154
967,0,0,152,0,0,152,0,0,152
968,0,0,169,0,0,169,0,0,169
969,0,0,154,0,0,154,0,0,154
970,0,0,154,0,0,154,0,0,154
971,0,0,153,0,0,153,0,0,153
972,0,0,154,0,0,154,0,0,154
973,0,0,155,0,0,155,0,0,155
974,0,0,200,0,0,200,0,0,200
975,0,0,155,0,0,155,0,0,155
976,0,0,155,0,0,155,0,0,155
977,0,0,165,0,0,165,0,0,165
978,0,0,159,0,0,159,0,0,159
979,0,0,682,0,0,682,0,0,682
980,0,0,692,0,0,692,0,0,692
981,0,0,699,0,0,699,0,0,699
982,0,0,675,0,0,675,0,0,675
983,0,0,154,0,0,154,0,0,154
984,0,0,154,0,0,154,0,0,154
985,0,0,160,0,0,160,0,0,160
986,0,0,162,0,0,162,0,0,162
987,0,0,153,0,0,153,0,0,153
988,0,0,153,0,0,153,0,0,153
989,0,0,154,0,0,154,0,0,154
990,0,0,152,0,0,152,0,0,152
991,0,0,169,0,0,169,0,0,169
992,0,0,154,0,0,154,0,0,154
993,0,0,154,0,0,154,0,0,154
994,0,0,153,0,0,153,0,0,153
995,0,0,154,0,0,154,0,0,154
996,0,0,155,0,0,155,0,0,155
997,0,0,200,0,0,200,0,0,200
998,0,0,155,0,0,155,0,0,155
999,0,0,155,0,0,155,0,0,155
1000,0,0,165,0,0,165,0,0,165
1001,0,0,159,0,0,159,0,0,159
1002,0,0,682,0,0,682,0,0,682
1003,0,0,692,0,0,692,0,0,692
1004,0,0,699,0,0,699,0,0,699
1005,0,0,675,0,0,675,0,0,675
1006,0,0,154,0,0,154,0,0,154
1007,0,0,154,0,0,154,0,0,154
1008,0,0,160,0,0,160,0,0,160
1009,0,0,162,0,0,162,0,0,162
1010,0,0,153,0,0,153,0,0,153
1011,0,0,153,0,0,153,0,0,153
1012,0,0,154,0,0,154,0,0,154
1013,0,0,152,0,0,152,0,0,152
1014,0,0,169,0,0,169,0,0,169
1015,0,0,154,0,0,154,0,0,154
1016,0,0,154,0,0,154,0,0,154
1017,0,0,153,0,0,153,0,0,153
1018,0,0,154,0,0,154,0,0,154
1019,0,0,155,0,0,155,0,0,155
1020,0,0,200,0,0,200,0,0,200
1021,0,0,155,0,0,155,0,0,155
1022,0,0,155,0,0,155,0,0,155
1023,0,0,165,0,0,165,0,0,165
1024,0,0,159,0,0,159,0,0,159
1025,0,0,682,0,0,682,0,0,682
1026,0,0,692,0,0,692,0,0,692
1027,0,0,699,0,0,699,0,0,699
1028,0,0,675,0,0,675,0,0,675
1029,0,0,154,0,0,154,0,0,154
1030,0,0,154,0,0,154,0,0,154
1031,0,0,160,0,0,160,0,0,160
1032,0,0,162,0,0,162,0,0,162
1033,0,0,153,0,0,153,0,0,153
1034,0,0,153,0,0,153,0,0,153
1035,0,0,154,0,0,154,0,0,154
1036,0,0,152,0,0,152,0,0,152
1037,0,0,169,0,0,169,0,0,169
1038,0,0,154,0,0,154,0,0,154
1039,0,0,154,0,0,154,0,0,154
1040,0,0,153,0,0,153,0,0,153
1041,0,0,154,0,0,154,0,0,154
1042,0,0,155,0,0,155,0,0,155
1043,0,0,200,0,0,200,0,0,200
1044,0,0,155,0,0,155,0,0,155
1045,0,0,155,0,0,155,0,0,155
1046,289,70774,165,154,52157,165,135,18617,165
1047,0,0,159,0,0,159,0,0,159
1048,0,0,682,0,0,682,0,0,682
1049,0,0,692,0,0,692,0,0,692
1050,0,0,699,0,0,699,0,0,699
1051,0,0,675,0,0,675,0,0,675
1052,0,0,154,0,0,154,0,0,154
1053,0,0,154,0,0,154,0,0,154
1054,0,0,160,0,0,160,0,0,160
1055,0,0,162,0,0,162,0,0,162
1056,0,0,153,0,0,153,0,0,153
1057,0,0,153,0,0,153,0,0,153
1058,0,0,154,0,0,154,0,0,154
1059,489,76790,152,237,41177,152,252,35613,152
1060,618,102801,169,280,53480,169,338,49321,169
1061,608,98290,154,285,51819,154,323,46471,154
1062,638,105640,154,285,55301,154,353,50339,154
1063,543,89108,153,250,46829,153,293,42279,153
1064,610,102117,154,270,53394,154,340,48723,154
1065,684,117481,155,285,60155,155,399,57326,155
1066,577,94481,200,262,49162,200,315,45319,200
1067,547,89263,155,252,46884,155,295,42379,155
1068,565,90228,155,270,47723,155,295,42505,155
1069,564,94145,165,249,48942,165,315,45203,165
1070,558,90192,159,266,47779,159,292,42413,159
1071,662,111913,682,288,58138,682,374,53775,682
1072,598,98628,692,271,51581,692,327,47047,692
1073,439,69729,699,211,37100,699,228,32629,699
1074,618,100234,675,289,52637,675,329,47597,675
1075,657,112430,154,276,57660,154,381,54770,154
1076,507,78794,154,255,42725,154,252,36069,154
1077,339,53737,160,180,29526,160,159,24211,160
1078,498,77486,162,239,41569,162,259,35917,162
1079,600,96771,153,279,50994,153,321,45777,153
1080,549,90056,153,253,47311,153,296,42745,153
1081,591,97033,154,269,51076,154,322,45957,154
1082,936,64931,152,501,33439,152,435,31492,152
1083,922,64181,169,493,32981,169,429,31200,169
1084,907,62167,154,485,31989,154,422,30178,154
1085,913,63931,154,488,32840,154,425,31091,154
1086,941,70660,153,504,34608,153,437,36052,153
1087,941,65847,154,504,33949,154,437,31898,154
1088,927,64511,155,494,33046,155,433,31465,155
1089,1210,147349,200,657,76608,200,553,70741,200
1090,875,61819,155,469,31757,155,406,30062,155
1091,873,62115,155,469,31975,155,404,30140,155
1092,1330,339778,165,715,274631,165,615,65147,165
1093,1083,186421,159,598,142347,159,485,44074,159
1094,949,66245,682,520,35279,682,429,30966,682
1095,935,66299,692,515,35320,692,420,30979,692
1096,942,65986,699,515,34928,699,427,31058,699
1097,935,65493,675,510,34613,675,425,30880,675
1098,963,74725,154,533,37825,154,430,36900,154
1099,985,80746,154,540,39526,154,445,41220,154
1100,929,66192,160,511,35223,160,418,30969,160
1101,945,66122,162,520,35375,162,425,30747,162
1102,932,65759,153,514,35025,153,418,30734,153
1103,925,66145,153,509,35071,153,416,31074,153
1104,962,68358,154,527,36075,154,435,32283,154
1105,289,50790,152,175,18925,152,114,31865,152
1106,299,52941,169,182,19715,169,117,33226,169
1107,283,50548,154,174,18897,154,109,31651,154
1108,282,50489,154,174,18921,154,108,31568,154
1109,278,50190,153,172,18403,153,106,31787,153
1110,279,50871,154,172,19069,154,107,31802,154
1111,270,49502,155,167,18519,155,103,30983,155
1112,252,43266,200,158,17162,200,94,26104,200
1113,271,49802,155,168,18553,155,103,31249,155
1114,279,50407,155,174,18979,155,105,31428,155
1115,272,50153,165,168,18573,165,104,31580,165
1116,271,50542,159,168,18857,159,103,31685,159
1117,279,50371,682,174,18955,682,105,31416,682
1118,277,50330,692,172,18837,692,105,31493,692
1119,272,50104,699,166,18405,699,106,31699,699
1120,278,50290,675,170,18651,675,108,31639,675
1121,283,50497,154,174,18873,154,109,31624,154
1122,275,50768,154,171,19027,154,104,31741,154
1123,274,50050,160,169,18605,160,105,31445,160
1124,276,50104,162,172,18813,162,104,31291,162
1125,282,50611,153,173,18841,153,109,31770,153
1126,277,50309,153,171,18751,153,106,31558,153
1127,278,50340,154,172,18789,154,106,31551,154
1128,48,5011,152,33,3070,152,15,1941,152
1129,1694,592720,169,876,128348,169,818,464372,169
1130,84,12579,154,55,5611,154,29,6968,154
1131,58,6877,154,37,3178,154,21,3699,154
1132,62,6737,153,44,4082,153,18,2655,153
1133,84,12961,154,55,5519,154,29,7442,154
1134,37,3722,155,25,2215,155,12,1507,155
1135,1739,563355,200,967,155236,200,772,408119,200
1136,47,4691,155,35,3199,155,12,1492,155
1137,119,21757,155,68,6551,155,51,15206,155
1138,74,10594,165,43,3590,165,31,7004,165
1139,86,11551,159,51,4003,159,35,7548,159
1140,89,10099,682,62,5293,682,27,4806,682
1141,1149,472204,692,587,83420,692,562,388784,692
1142,91,12747,699,51,3652,699,40,9095,699
1143,32,3864,675,23,1949,675,9,1915,675
1144,121,19300,154,78,8057,154,43,11243,154
1145,31,3264,154,25,2436,154,6,828,154
1146,143,38049,160,77,8808,160,66,29241,160
1147,1338,413018,162,726,115294,162,612,297724,162
1148,54,6675,153,36,3317,153,18,3358,153
1149,63,6743,153,44,4119,153,19,2624,153
1150,89,13488,154,56,5640,154,33,7848,154
1151,3060,1057088,152,2493,988321,152,567,68767,152
1152,2954,1042571,169,2433,978959,169,521,63612,169
1153,3005,1056848,154,2469,991362,154,536,65486,154
1154,2961,1038001,154,2441,974807,154,520,63194,154
1155,3023,1053142,153,2488,988632,153,535,64510,153
1156,3042,1053929,154,2494,986904,154,548,67025,154
1157,3069,1064963,155,2501,996236,155,568,68727,155
1158,3332,1124300,200,2649,1006436,200,683,117864,200
1159,2990,1040141,155,2464,972281,155,526,67860,155
1160,2996,1048022,155,2464,980596,155,532,67426,155
1161,3118,1057270,165,2530,982821,165,588,74449,165
1162,3802,1221000,159,2834,1038742,159,968,182258,159
1163,3153,1075421,682,2523,986918,682,630,88503,682
1164,3002,1045510,692,2463,976806,692,539,68704,692
1165,3303,1080326,699,2625,992331,699,678,87995,699
1166,2976,1038057,675,2444,969707,675,532,68350,675
1167,2977,1050707,154,2447,985265,154,530,65442,154
1168,2978,1046520,154,2447,982325,154,531,64195,154
1169,2941,1044289,160,2431,981733,160,510,62556,160
1170,3012,1043029,162,2466,973288,162,546,69741,162
1171,3343,1086931,153,2645,995731,153,698,91200,153
1172,3246,1080471,153,2597,995979,153,649,84492,153
1173,2918,1032895,154,2417,970209,154,501,62686,154
1174,1209,82996,152,609,42702,152,600,40294,152
1175,1179,81436,169,597,41966,169,582,39470,169
1176,1155,79642,154,582,40830,154,573,38812,154
1177,1190,82391,154,600,42334,154,590,40057,154
1178,1202,82736,153,606,42522,153,596,40214,153
1179,1191,81368,154,599,41766,154,592,39602,154
1180,1178,81720,155,596,42048,155,582,39672,155
1181,2029,147777,200,1167,84437,200,862,63340,200
1182,1168,80816,155,590,41499,155,578,39317,155
1183,1188,82456,155,596,42127,155,592,40329,155
1184,1187,81894,165,598,42042,165,589,39852,165
1185,1191,82246,159,602,42345,159,589,39901,159
1186,1165,79916,682,585,40884,682,580,39032,682
1187,1193,82824,692,605,42714,692,588,40110,692
1188,1199,82660,699,603,42421,699,596,40239,699
1189,1209,83448,675,609,42891,675,600,40557,675
1190,1206,83658,154,609,43017,154,597,40641,154
1191,1172,80522,154,591,41370,154,581,39152,154
1192,1173,81793,160,590,41844,160,583,39949,160
1193,1191,82458,162,602,42471,162,589,39987,162
1194,1192,81424,153,599,41929,153,593,39495,153
1195,1165,80676,153,589,41502,153,576,39174,153
1196,1168,79632,154,586,40755,154,582,38877,154
1197,442,37163,152,286,22346,152,156,14817,152
1198,452,38625,169,291,22788,169,161,15837,169
1199,440,37079,154,285,22304,154,155,14775,154
1200,458,39747,154,295,23526,154,163,16221,154
1201,455,38739,153,292,22818,153,163,15921,153
1202,438,36995,154,284,22262,154,154,14733,154
1203,457,38875,155,295,22996,155,162,15879,155
1204,659,66729,200,440,36976,200,219,29753,200
1205,526,44215,155,345,26482,155,181,17733,155
1206,531,45223,155,349,27204,155,182,18019,155
1207,512,42585,165,338,25956,165,174,16629,165
1208,526,44215,159,345,26482,159,181,17733,159
1209,511,42531,682,337,25902,682,174,16629,682
1210,523,44093,692,344,26444,692,179,17649,692
1211,515,42707,699,339,25994,699,176,16713,699
1212,593,60798,675,397,34091,675,196,26707,675
1213,446,37566,154,289,22626,154,157,14940,154
1214,452,38617,154,291,22780,154,161,15837,154
1215,444,37869,160,287,22476,160,157,15393,160
1216,455,38755,162,293,22876,162,162,15879,162
1217,441,37133,153,286,22358,153,155,14775,153
1218,454,39669,153,292,23490,153,162,16179,153
1219,445,37394,154,288,22454,154,157,14940,154
1220,132,17696,152,82,8956,152,50,8740,152
1221,98,9599,169,58,5537,169,40,4062,169
1222,126,17330,154,79,8797,154,47,8533,154
1223,136,18300,154,82,9183,154,54,9117,154
1224,125,17930,153,79,9215,153,46,8715,153
1225,96,9301,154,57,5374,154,39,3927,154
1226,138,18356,155,84,9161,155,54,9195,155
1227,219,31708,200,131,14117,200,88,17591,200
1228,91,8953,155,54,5085,155,37,3868,155
1229,131,18031,155,81,8919,155,50,9112,155
1230,137,19450,165,83,9575,165,54,9875,165
1231,129,17533,159,80,8839,159,49,8694,159
1232,122,17053,682,77,8583,682,45,8470,682
1233,127,17619,692,79,8927,692,48,8692,692
1234,89,8618,699,54,5085,699,35,3533,699
1235,128,17584,675,79,8797,675,49,8787,675
1236,136,18959,154,84,9612,154,52,9347,154
1237,124,17458,154,78,8793,154,46,8665,154
1238,96,9539,160,55,5257,160,41,4282,160
1239,127,17182,162,80,8709,162,47,8473,162
1240,95,9303,153,56,5429,153,39,3874,153
1241,137,18343,153,84,9194,153,53,9149,153
1242,124,18056,154,74,8615,154,50,9441,154
1243,375,39660,152,210,21393,152,165,18267,152
1244,377,40033,169,210,21417,169,167,18616,169
1245,373,39933,154,209,21417,154,164,18516,154
1246,367,39677,154,206,21497,154,161,18180,154
1247,358,38694,153,200,20805,153,158,17889,153
1248,377,40546,154,207,21331,154,170,19215,154
1249,367,39192,155,204,21021,155,163,18171,155
1250,772,97227,200,411,48167,200,361,49060,200
1251,370,39414,155,207,21235,155,163,18179,155
1252,365,39210,155,204,21097,155,161,18113,155
1253,368,39762,165,206,21177,165,162,18585,165
1254,366,38929,159,201,20842,159,165,18087,159
1255,372,40090,682,206,21442,682,166,18648,682
1256,376,39738,692,211,21451,692,165,18287,692
1257,365,38915,699,205,21111,699,160,17804,699
1258,365,39156,675,205,21135,675,160,18021,675
1259,365,39108,154,203,20979,154,162,18129,154
1260,419,61182,154,233,23621,154,186,37561,154
1261,357,38605,160,201,20966,160,156,17639,160
1262,368,39354,162,205,21135,162,163,18219,162
1263,361,38796,153,199,20691,153,162,18105,153
1264,371,40068,153,207,21527,153,164,18541,153
1265,369,39103,154,207,21214,154,162,17889,154
1266,0,0,152,0,0,152,0,0,152
1267,0,0,169,0,0,169,0,0,169
1268,0,0,154,0,0,154,0,0,154
1269,0,0,154,0,0,154,0,0,154
1270,0,0,153,0,0,153,0,0,153
1271,0,0,154,0,0,154,0,0,154
1272,0,0,155,0,0,155,0,0,155
1273,0,0,200,0,0,200,0,0,200
1274,0,0,155,0,0,155,0,0,155
1275,0,0,155,0,0,155,0,0,155
1276,0,0,165,0,0,165,0,0,165
1277,0,0,159,0,0,159,0,0,159
1278,0,0,682,0,0,682,0,0,682
1279,0,0,692,0,0,692,0,0,692
1280,0,0,699,0,0,699,0,0,699
1281,0,0,675,0,0,675,0,0,675
1282,0,0,154,0,0,154,0,0,154
1283,0,0,154,0,0,154,0,0,154
1284,0,0,160,0,0,160,0,0,160
1285,0,0,162,0,0,162,0,0,162
1286,0,0,153,0,0,153,0,0,153
1287,0,0,153,0,0,153,0,0,153
1288,0,0,154,0,0,154,0,0,154
1289,1964,144099,152,999,77500,152,965,66599,152
1290,1914,142942,169,977,76741,169,937,66201,169
1291,1892,137542,154,960,74574,154,932,62968,154
1292,1941,143588,154,989,77171,154,952,66417,154
1293,1911,139319,153,970,75689,153,941,63630,153
1294,1943,144623,154,991,77757,154,952,66866,154
1295,1888,137311,155,959,74516,155,929,62795,155
1296,1660,137043,200,851,72819,200,809,64224,200
1297,1876,136732,155,953,74165,155,923,62567,155
1298,1899,141556,155,968,75938,155,931,65618,155
1299,1931,142158,165,983,77414,165,948,64744,165
1300,1968,146851,159,1005,79069,159,963,67782,159
1301,1893,139373,682,964,75733,682,929,63640,682
1302,1939,144499,692,989,77653,692,950,66846,692
1303,1906,139156,699,969,75579,699,937,63577,699
1304,1959,144615,675,998,77738,675,961,66877,675
1305,1881,137871,154,955,74823,154,926,63048,154
1306,1925,142884,154,981,76721,154,944,66163,154
1307,1892,137574,160,960,74573,160,932,63001,160
1308,1972,147227,162,1006,79101,162,966,68126,162
1309,1952,144209,153,995,77537,153,957,66672,153
1310,1915,142376,153,976,76416,153,939,65960,153
1311,1885,138046,154,957,74930,154,928,63116,154
1312,0,0,152,0,0,152,0,0,152
1313,0,0,169,0,0,169,0,0,169
1314,0,0,154,0,0,154,0,0,154
1315,0,0,154,0,0,154,0,0,154
1316,0,0,153,0,0,153,0,0,153
1317,0,0,154,0,0,154,0,0,154
1318,0,0,155,0,0,155,0,0,155
1319,0,0,200,0,0,200,0,0,200
1320,0,0,155,0,0,155,0,0,155
1321,0,0,155,0,0,155,0,0,155
1322,161,34628,165,86,25886,165,75,8742,165
1323,0,0,159,0,0,159,0,0,159
1324,0,0,682,0,0,682,0,0,682
1325,0,0,692,0,0,692,0,0,692
1326,0,0,699,0,0,699,0,0,699
1327,0,0,675,0,0,675,0,0,675
1328,0,0,154,0,0,154,0,0,154
1329,0,0,154,0,0,154,0,0,154
1330,0,0,160,0,0,160,0,0,160
1331,0,0,162,0,0,162,0,0,162
1332,0,0,153,0,0,153,0,0,153
1333,0,0,153,0,0,153,0,0,153
1334,0,0,154,0,0,154,0,0,154
1335,0,0,154,0,0,154,0,0,154
1336,0,0,163,0,0,163,0,0,163
1337,0,0,153,0,0,153,0,0,153
1338,0,0,155,0,0,155,0,0,155
1339,0,0,154,0,0,154,0,0,154
1340,0,0,156,0,0,156,0,0,156
1341,0,0,156,0,0,156,0,0,156
1342,0,0,164,0,0,164,0,0,164
1343,0,0,159,0,0,159,0,0,159
1344,0,0,156,0,0,156,0,0,156
1345,0,0,154,0,0,154,0,0,154
1346,0,0,155,0,0,155,0,0,155
1347,0,0,152,0,0,152,0,0,152
1348,0,0,155,0,0,155,0,0,155
1349,0,0,154,0,0,154,0,0,154
1350,0,0,153,0,0,153,0,0,153
1351,0,0,153,0,0,153,0,0,153
1352,0,0,155,0,0,155,0,0,155
1353,0,0,159,0,0,159,0,0,159
1354,0,0,164,0,0,164,0,0,164
1355,0,0,155,0,0,155,0,0,155
1356,0,0,152,0,0,152,0,0,152
1357,0,0,156,0,0,156,0,0,156
1358,0,0,154,0,0,154,0,0,154
1359,0,0,163,0,0,163,0,0,163
1360,0,0,153,0,0,153,0,0,153
1361,0,0,155,0,0,155,0,0,155
1362,0,0,154,0,0,154,0,0,154
1363,0,0,156,0,0,156,0,0,156
1364,0,0,156,0,0,156,0,0,156
1365,0,0,164,0,0,164,0,0,164
1366,0,0,159,0,0,159,0,0,159
1367,0,0,156,0,0,156,0,0,156
1368,0,0,154,0,0,154,0,0,154
1369,0,0,155,0,0,155,0,0,155
1370,0,0,152,0,0,152,0,0,152
1371,0,0,155,0,0,155,0,0,155
1372,0,0,154,0,0,154,0,0,154
1373,0,0,153,0,0,153,0,0,153
1374,0,0,153,0,0,153,0,0,153
1375,0,0,155,0,0,155,0,0,155
1376,0,0,159,0,0,159,0,0,159
1377,0,0,164,0,0,164,0,0,164
1378,0,0,155,0,0,155,0,0,155
1379,0,0,152,0,0,152,0,0,152
1380,0,0,156,0,0,156,0,0,156
1381,0,0,154,0,0,154,0,0,154
1382,0,0,163,0,0,163,0,0,163
1383,0,0,153,0,0,153,0,0,153
1384,0,0,155,0,0,155,0,0,155
1385,0,0,154,0,0,154,0,0,154
1386,0,0,156,0,0,156,0,0,156
1387,0,0,156,0,0,156,0,0,156
1388,0,0,164,0,0,164,0,0,164
1389,0,0,159,0,0,159,0,0,159
1390,0,0,156,0,0,156,0,0,156
1391,0,0,154,0,0,154,0,0,154
1392,0,0,155,0,0,155,0,0,155
1393,0,0,152,0,0,152,0,0,152
1394,0,0,155,0,0,155,0,0,155
1395,0,0,154,0,0,154,0,0,154
1396,0,0,153,0,0,153,0,0,153
1397,0,0,153,0,0,153,0,0,153
1398,0,0,155,0,0,155,0,0,155
1399,0,0,159,0,0,159,0,0,159
1400,0,0,164,0,0,164,0,0,164
1401,0,0,155,0,0,155,0,0,155
1402,0,0,152,0,0,152,0,0,152
1403,0,0,156,0,0,156,0,0,156
1404,0,0,154,0,0,154,0,0,154
1405,0,0,163,0,0,163,0,0,163
1406,0,0,153,0,0,153,0,0,153
1407,0,0,155,0,0,155,0,0,155
1408,0,0,154,0,0,154,0,0,154
1409,0,0,156,0,0,156,0,0,156
1410,0,0,156,0,0,156,0,0,156
1411,0,0,164,0,0,164,0,0,164
1412,0,0,159,0,0,159,0,0,159
1413,0,0,156,0,0,156,0,0,156
1414,0,0,154,0,0,154,0,0,154
1415,0,0,155,0,0,155,0,0,155
1416,0,0,152,0,0,152,0,0,152
1417,0,0,155,0,0,155,0,0,155
1418,0,0,154,0,0,154,0,0,154
1419,0,0,153,0,0,153,0,0,153
1420,0,0,153,0,0,153,0,0,153
1421,0,0,155,0,0,155,0,0,155
1422,0,0,159,0,0,159,0,0,159
1423,0,0,164,0,0,164,0,0,164
1424,0,0,155,0,0,155,0,0,155
1425,0,0,152,0,0,152,0,0,152
1426,0,0,156,0,0,156,0,0,156
1427,373,30133,154,93,5455,154,280,24678,154
1428,374,29919,163,91,5251,163,283,24668,163
1429,362,28736,153,87,4866,153,275,23870,153
1430,355,28509,155,87,4987,155,268,23522,155
1431,390,32142,154,99,6263,154,291,25879,154
1432,356,28429,156,86,4909,156,270,23520,156
1433,369,29258,156,89,5010,156,280,24248,156
1434,353,28095,164,86,4873,164,267,23222,164
1435,359,28585,159,89,5143,159,270,23442,159
1436,368,29596,156,91,5178,156,277,24418,156
1437,378,30914,154,95,5939,154,283,24975,154
1438,365,29089,155,87,4987,155,278,24102,155
1439,377,30386,152,95,5442,152,282,24944,152
1440,347,27639,155,84,4789,155,263,22850,155
1441,369,29197,154,89,5095,154,280,24102,154
1442,357,28727,153,85,4981,153,272,23746,153
1443,380,30659,153,96,5746,153,284,24913,153
1444,401,37575,155,109,10394,155,292,27181,155
1445,367,29341,159,89,5131,159,278,24210,159
1446,374,30041,164,90,5221,164,284,24820,164
1447,362,29215,155,88,5215,155,274,24000,155
1448,373,30091,152,94,5485,152,279,24606,152
1449,373,29946,156,92,5361,156,281,24585,156
1450,6855,760344,154,3425,231828,154,3430,528516,154
1451,6802,756990,163,3398,230402,163,3404,526588,163
1452,6954,771622,153,3474,234674,153,3480,536948,153
1453,7007,775626,155,3501,236446,155,3506,539180,155
1454,6934,771288,154,3464,234638,154,3470,536650,154
1455,7070,797536,156,3532,238758,156,3538,558778,156
1456,6900,764402,156,3447,233024,156,3453,531378,156
1457,6932,767382,164,3463,234260,164,3469,533122,164
1458,6772,750656,159,3383,228908,159,3389,521748,159
1459,6862,760926,156,3428,231782,156,3434,529144,156
1460,6940,768728,154,3467,234164,154,3473,534564,154
1461,7926,920334,155,3960,267098,155,3966,653236,155
1462,7826,903472,152,3910,263282,152,3916,640190,152
1463,7074,789966,155,3534,239488,155,3540,550478,155
1464,6902,764582,154,3448,233126,154,3454,531456,154
1465,6902,764396,153,3448,233078,153,3454,531318,153
1466,6890,767014,153,3442,232814,153,3448,534200,153
1467,7124,792314,155,3559,240776,155,3565,551538,155
1468,7232,833366,159,3611,244262,159,3621,589104,159
1469,6830,757784,164,3412,231026,164,3418,526758,164
1470,6898,765272,155,3446,232958,155,3452,532314,155
1471,6838,758254,152,3416,231038,152,3422,527216,152
1472,6806,754916,156,3400,230140,156,3406,524776,156
1473,0,0,154,0,0,154,0,0,154
1474,0,0,163,0,0,163,0,0,163
1475,0,0,153,0,0,153,0,0,153
1476,0,0,155,0,0,155,0,0,155
1477,0,0,154,0,0,154,0,0,154
1478,0,0,156,0,0,156,0,0,156
1479,0,0,156,0,0,156,0,0,156
1480,0,0,164,0,0,164,0,0,164
1481,0,0,159,0,0,159,0,0,159
1482,0,0,156,0,0,156,0,0,156
1483,0,0,154,0,0,154,0,0,154
1484,0,0,155,0,0,155,0,0,155
1485,0,0,152,0,0,152,0,0,152
1486,0,0,155,0,0,155,0,0,155
1487,0,0,154,0,0,154,0,0,154
1488,0,0,153,0,0,153,0,0,153
1489,0,0,153,0,0,153,0,0,153
1490,0,0,155,0,0,155,0,0,155
1491,0,0,159,0,0,159,0,0,159
1492,0,0,164,0,0,164,0,0,164
1493,0,0,155,0,0,155,0,0,155
1494,0,0,152,0,0,152,0,0,152
1495,0,0,156,0,0,156,0,0,156
1496,0,0,154,0,0,154,0,0,154
1497,0,0,163,0,0,163,0,0,163
1498,0,0,153,0,0,153,0,0,153
1499,0,0,155,0,0,155,0,0,155
1500,0,0,154,0,0,154,0,0,154
1501,0,0,156,0,0,156,0,0,156
1502,0,0,156,0,0,156,0,0,156
1503,0,0,164,0,0,164,0,0,164
1504,0,0,159,0,0,159,0,0,159
1505,0,0,156,0,0,156,0,0,156
1506,0,0,154,0,0,154,0,0,154
1507,0,0,155,0,0,155,0,0,155
1508,0,0,152,0,0,152,0,0,152
1509,0,0,155,0,0,155,0,0,155
1510,0,0,154,0,0,154,0,0,154
1511,0,0,153,0,0,153,0,0,153
1512,0,0,153,0,0,153,0,0,153
1513,0,0,155,0,0,155,0,0,155
1514,0,0,159,0,0,159,0,0,159
1515,0,0,164,0,0,164,0,0,164
1516,0,0,155,0,0,155,0,0,155
1517,0,0,152,0,0,152,0,0,152
1518,0,0,156,0,0,156,0,0,156
1519,2479,626782,154,1144,109846,154,1335,516936,154
1520,2464,645692,163,1134,108467,163,1330,537225,163
1521,2545,651127,153,1174,112329,153,1371,538798,153
1522,2760,743384,155,1271,121242,155,1489,622142,155
1523,4386,930381,154,2091,203739,154,2295,726642,154
1524,2736,713180,156,1264,120933,156,1472,592247,156
1525,2806,762412,156,1297,123642,156,1509,638770,156
1526,2580,658140,164,1190,114052,164,1390,544088,164
1527,2885,786610,159,1257,119234,159,1628,667376,159
1528,2767,723422,156,1277,122221,156,1490,601201,156
1529,2499,660458,154,1152,110332,154,1347,550126,154
1530,2795,733786,155,1288,123377,155,1507,610409,155
1531,2426,630805,152,1112,106094,152,1314,524711,152
1532,2403,625718,155,1108,106175,155,1295,519543,155
1533,2544,651240,154,1176,112809,154,1368,538431,154
1534,2382,615900,153,1092,104621,153,1290,511279,153
1535,4369,911521,153,2079,208035,153,2290,703486,153
1536,2480,650936,155,1142,109210,155,1338,541726,155
1537,2683,717998,159,1230,117629,159,1453,600369,159
1538,2571,657334,164,1182,113372,164,1389,543962,164
1539,2534,670872,155,1156,110815,155,1378,560057,155
1540,2262,579556,152,1039,99938,152,1223,479618,152
1541,2800,733649,156,1291,123119,156,1509,610530,156
1542,3198,780717,154,1612,625207,154,1586,155510,154
1543,3065,772315,163,1537,623124,163,1528,149191,163
1544,3320,814642,153,1673,653257,153,1647,161385,153
1545,3410,880826,155,1723,716960,155,1687,163866,155
1546,5061,1070335,154,2533,818686,154,2528,251649,154
1547,3420,857379,156,1724,691980,156,1696,165399,156
1548,3563,921618,156,1801,749968,156,1762,171650,156
1549,3288,808008,164,1650,647928,164,1638,160080,164
1550,3564,923189,159,1726,708867,159,1838,214322,159
1551,3539,886199,156,1788,715129,156,1751,171070,156
1552,3204,807469,154,1611,651679,154,1593,155790,154
1553,3424,868423,155,1732,703224,155,1692,165199,155
1554,3102,777294,152,1564,626584,152,1538,150710,152
1555,3199,794781,155,1611,639142,155,1588,155639,155
1556,3212,789195,154,1610,632708,154,1602,156487,154
1557,3059,761894,153,1545,613555,153,1514,148339,153
1558,4933,1026394,153,2467,780685,153,2466,245709,153
1559,3233,810995,155,1630,654073,155,1603,156922,155
1560,3376,872169,159,1705,699959,159,1671,172210,159
1561,3275,807122,164,1652,647975,164,1623,159147,164
1562,3170,805749,155,1605,653000,155,1565,152749,155
1563,2906,716226,152,1462,574742,152,1444,141484,152
1564,3484,879509,156,1761,711214,156,1723,168295,156
1565,0,0,154,0,0,154,0,0,154
1566,0,0,163,0,0,163,0,0,163
1567,0,0,153,0,0,153,0,0,153
1568,0,0,155,0,0,155,0,0,155
1569,0,0,154,0,0,154,0,0,154
1570,0,0,156,0,0,156,0,0,156
1571,0,0,156,0,0,156,0,0,156
1572,0,0,164,0,0,164,0,0,164
1573,0,0,159,0,0,159,0,0,159
1574,0,0,156,0,0,156,0,0,156
1575,0,0,154,0,0,154,0,0,154
1576,0,0,155,0,0,155,0,0,155
1577,0,0,152,0,0,152,0,0,152
1578,0,0,155,0,0,155,0,0,155
1579,0,0,154,0,0,154,0,0,154
1580,0,0,153,0,0,153,0,0,153
1581,0,0,153,0,0,153,0,0,153
1582,0,0,155,0,0,155,0,0,155
1583,0,0,159,0,0,159,0,0,159
1584,0,0,164,0,0,164,0,0,164
1585,0,0,155,0,0,155,0,0,155
1586,0,0,152,0,0,152,0,0,152
1587,0,0,156,0,0,156,0,0,156
1588,0,0,154,0,0,154,0,0,154
1589,0,0,163,0,0,163,0,0,163
1590,0,0,153,0,0,153,0,0,153
1591,0,0,155,0,0,155,0,0,155
1592,0,0,154,0,0,154,0,0,154
1593,0,0,156,0,0,156,0,0,156
1594,0,0,156,0,0,156,0,0,156
1595,0,0,164,0,0,164,0,0,164
1596,0,0,159,0,0,159,0,0,159
1597,0,0,156,0,0,156,0,0,156
1598,0,0,154,0,0,154,0,0,154
1599,0,0,155,0,0,155,0,0,155
1600,0,0,152,0,0,152,0,0,152
1601,0,0,155,0,0,155,0,0,155
1602,0,0,154,0,0,154,0,0,154
1603,0,0,153,0,0,153,0,0,153
1604,0,0,153,0,0,153,0,0,153
1605,0,0,155,0,0,155,0,0,155
1606,0,0,159,0,0,159,0,0,159
1607,0,0,164,0,0,164,0,0,164
1608,0,0,155,0,0,155,0,0,155
1609,0,0,152,0,0,152,0,0,152
1610,0,0,156,0,0,156,0,0,156
1611,2196,247717,154,914,100726,154,1282,146991,154
1612,2245,247046,163,937,97952,163,1308,149094,163
1613,2233,251314,153,936,103608,153,1297,147706,153
1614,2263,249923,155,948,99731,155,1315,150192,155
1615,2279,250304,154,966,99470,154,1313,150834,154
1616,2167,234435,156,907,92142,156,1260,142293,156
1617,2223,250976,156,928,102980,156,1295,147996,156
1618,2220,246331,164,931,98743,164,1289,147588,164
1619,2300,252977,159,970,101403,159,1330,151574,159
1620,2265,251540,156,949,102016,156,1316,149524,156
1621,2169,225977,154,912,85959,154,1257,140018,154
1622,2204,245470,155,920,98802,155,1284,146668,155
1623,2299,249786,152,964,99380,152,1335,150406,152
1624,2179,243220,155,906,96220,155,1273,147000,155
1625,2240,248447,154,941,100511,154,1299,147936,154
1626,2292,253763,153,963,102468,153,1329,151295,153
1627,2083,220800,153,873,84572,153,1210,136228,153
1628,2277,254863,155,954,104368,155,1323,150495,155
1629,2182,242357,159,906,95493,159,1276,146864,159
1630,2251,248202,164,944,98892,164,1307,149310,164
1631,2276,250153,155,951,99377,155,1325,150776,155
1632,2177,242323,152,910,96091,152,1267,146232,152
1633,2226,250325,156,933,103012,156,1293,147313,156
1634,0,0,154,0,0,154,0,0,154
1635,0,0,163,0,0,163,0,0,163
1636,0,0,153,0,0,153,0,0,153
1637,0,0,155,0,0,155,0,0,155
1638,0,0,154,0,0,154,0,0,154
1639,0,0,156,0,0,156,0,0,156
1640,0,0,156,0,0,156,0,0,156
1641,0,0,164,0,0,164,0,0,164
1642,0,0,159,0,0,159,0,0,159
1643,0,0,156,0,0,156,0,0,156
1644,0,0,154,0,0,154,0,0,154
1645,0,0,155,0,0,155,0,0,155
1646,0,0,152,0,0,152,0,0,152
1647,0,0,155,0,0,155,0,0,155
1648,0,0,154,0,0,154,0,0,154
1649,0,0,153,0,0,153,0,0,153
1650,0,0,153,0,0,153,0,0,153
1651,0,0,155,0,0,155,0,0,155
1652,0,0,159,0,0,159,0,0,159
1653,0,0,164,0,0,164,0,0,164
1654,0,0,155,0,0,155,0,0,155
1655,0,0,152,0,0,152,0,0,152
1656,0,0,156,0,0,156,0,0,156
1657,68,8616,154,27,5260,154,41,3356,154
1658,1345,404277,163,594,299881,163,751,104396,163
1659,123,19905,153,53,14130,153,70,5775,153
1660,90,12468,155,38,8174,155,52,4294,155
1661,46,5422,154,17,3040,154,29,2382,154
1662,202,56213,156,94,45068,156,108,11145,156
1663,34,4141,156,9,1794,156,25,2347,156
1664,1675,506060,164,779,368308,164,896,137752,164
1665,31,2746,159,6,435,159,25,2311,159
1666,36,3646,156,8,782,156,28,2864,156
1667,78,11939,154,26,6705,154,52,5234,154
1668,23,2016,155,4,266,155,19,1750,155
1669,31,2723,152,7,501,152,24,2222,152
1670,638,105457,155,234,49698,155,404,55759,155
1671,48,9433,154,16,5998,154,32,3435,154
1672,57,5856,153,21,2486,153,36,3370,153
1673,71,9790,153,30,6359,153,41,3431,153
1674,29,2593,155,5,339,155,24,2254,155
1675,195,56683,159,89,44121,159,106,12562,159
1676,1187,402447,164,553,290448,164,634,111999,164
1677,75,9677,155,33,6004,155,42,3673,155
1678,105,14429,152,45,9622,152,60,4807,152
1679,47,5663,156,16,2725,156,31,2938,156
1680,3109,1068939,154,588,74338,154,2521,994601,154
1681,2908,1030279,163,497,61671,163,2411,968608,163
1682,3383,1102829,153,708,91029,153,2675,1011800,153
1683,3259,1076599,155,653,84448,155,2606,992151,155
1684,3038,1055740,154,554,70773,154,2484,984967,154
1685,3246,1080743,156,652,86674,156,2594,994069,156
1686,3082,1064181,156,578,69889,156,2504,994292,156
1687,3018,1051290,164,556,65714,164,2462,985576,164
1688,3837,1245188,159,1028,203315,159,2809,1041873,159
1689,3045,1063334,156,563,68282,156,2482,995052,156
1690,2979,1046689,154,541,65234,154,2438,981455,154
1691,2916,1034553,155,500,60132,155,2416,974421,155
1692,3011,1049410,152,544,64404,152,2467,985006,152
1693,3095,1072324,155,585,70084,155,2510,1002240,155
1694,2947,1038350,154,517,62201,154,2430,976149,154
1695,2999,1051719,153,540,66958,153,2459,984761,153
1696,3061,1056151,153,562,69837,153,2499,986314,153
1697,3064,1066087,155,574,71298,155,2490,994789,155
1698,2944,1040554,159,519,66536,159,2425,974018,159
1699,2976,1049201,164,532,64240,164,2444,984961,164
1700,3001,1046852,155,546,69102,155,2455,977750,155
1701,3248,1076171,152,648,86198,152,2600,989973,152
1702,2998,1050325,156,533,65644,156,2465,984681,156
1703,282,51219,154,107,31661,154,175,19558,154
1704,286,50163,163,105,30989,163,181,19174,163
1705,276,49634,153,96,31080,153,180,18554,153
1706,276,45522,155,96,27253,155,180,18269,155
1707,290,55883,154,107,37343,154,183,18540,154
1708,292,54994,156,99,33965,156,193,21029,156
1709,279,39618,156,90,21212,156,189,18406,156
1710,291,52412,164,96,32844,164,195,19568,164
1711,254,45355,159,88,28434,159,166,16921,159
1712,281,50470,156,109,31695,156,172,18775,156
1713,281,50356,154,109,31661,154,172,18695,154
1714,277,50777,155,106,31784,155,171,18993,155
1715,269,49417,152,102,31282,152,167,18135,152
1716,281,50386,155,109,31597,155,172,18789,155
1717,273,50049,154,105,31496,154,168,18553,154
1718,274,50207,153,103,31436,153,171,18771,153
1719,285,50733,153,111,31826,153,174,18907,153
1720,276,50701,155,107,31826,155,169,18875,155
1721,282,50859,159,108,31904,159,174,18955,159
1722,278,50293,164,107,31536,164,171,18757,164
1723,280,50388,155,107,31509,155,173,18879,155
1724,279,50441,152,106,31586,152,173,18855,152
1725,281,50416,156,107,31519,156,174,18897,156
1726,973,66927,154,442,31562,154,531,35365,154
1727,938,65704,163,423,30877,163,515,34827,163
1728,946,66921,153,432,31882,153,514,35039,153
1729,960,66536,155,433,30918,155,527,35618,155
1730,946,73323,154,422,35990,154,524,37333,154
1731,954,72360,156,434,35738,156,520,36622,156
1732,929,65659,156,417,30543,156,512,35116,156
1733,919,65430,164,415,30638,164,504,34792,164
1734,901,64570,159,407,30305,159,494,34265,159
1735,930,66367,156,418,31044,156,512,35323,156
1736,902,65206,154,407,30685,154,495,34521,154
1737,944,66526,155,418,30294,155,526,36232,155
1738,950,67605,152,414,30417,152,536,37188,152
1739,945,68309,155,412,30872,155,533,37437,155
1740,996,70258,154,436,31770,154,560,38488,154
1741,981,69855,153,426,31270,153,555,38585,153
1742,1167,104625,153,518,54969,153,649,49656,153
1743,892,62416,155,415,30353,155,477,32063,155
1744,958,78128,159,443,40996,159,515,37132,159
1745,886,62369,164,411,30235,164,475,32134,164
1746,891,63437,155,414,30806,155,477,32631,155
1747,907,63410,152,423,30874,152,484,32536,152
1748,936,65538,156,434,31700,156,502,33838,156
1749,584,97932,154,329,47301,154,255,50631,154
1750,644,106804,163,355,50989,163,289,55815,163
1751,535,85299,153,278,39965,153,257,45334,153
1752,572,94980,155,306,44918,155,266,50062,155
1753,426,68448,154,219,31931,154,207,36517,154
1754,541,88378,156,291,41655,156,250,46723,156
1755,556,88898,156,294,41597,156,262,47301,156
1756,570,93514,164,309,44471,164,261,49043,164
1757,675,112090,159,374,53871,159,301,58219,159
1758,514,81810,156,265,37975,156,249,43835,156
1759,571,93301,154,311,44285,154,260,49016,154
1760,483,77710,155,256,36531,155,227,41179,155
1761,497,77811,152,257,36123,152,240,41688,152
1762,578,97261,155,321,46389,155,257,50872,155
1763,615,102153,154,329,48331,154,286,53822,154
1764,563,90032,153,302,42263,153,261,47769,153
1765,377,56611,153,179,25477,153,198,31134,153
1766,702,121189,155,407,58892,155,295,62297,155
1767,521,83797,159,280,39353,159,241,44444,159
1768,589,94866,164,312,44525,164,277,50341,164
1769,568,93391,155,310,44233,155,258,49158,155
1770,471,75934,152,247,35497,152,224,40437,152
1771,609,100830,156,333,47929,156,276,52901,156
1772,0,0,154,0,0,154,0,0,154
1773,0,0,163,0,0,163,0,0,163
1774,0,0,153,0,0,153,0,0,153
1775,0,0,155,0,0,155,0,0,155
1776,0,0,154,0,0,154,0,0,154
1777,0,0,156,0,0,156,0,0,156
1778,0,0,156,0,0,156,0,0,156
1779,0,0,164,0,0,164,0,0,164
1780,0,0,159,0,0,159,0,0,159
1781,208,47519,156,98,14348,156,110,33171,156
1782,0,0,154,0,0,154,0,0,154
1783,0,0,155,0,0,155,0,0,155
1784,0,0,152,0,0,152,0,0,152
1785,0,0,155,0,0,155,0,0,155
1786,0,0,154,0,0,154,0,0,154
1787,0,0,153,0,0,153,0,0,153
1788,0,0,153,0,0,153,0,0,153
1789,0,0,155,0,0,155,0,0,155
1790,0,0,159,0,0,159,0,0,159
1791,0,0,164,0,0,164,0,0,164
1792,0,0,155,0,0,155,0,0,155
1793,0,0,152,0,0,152,0,0,152
1794,0,0,156,0,0,156,0,0,156
1795,0,0,154,0,0,154,0,0,154
1796,0,0,163,0,0,163,0,0,163
1797,0,0,153,0,0,153,0,0,153
1798,0,0,155,0,0,155,0,0,155
1799,0,0,154,0,0,154,0,0,154
1800,0,0,156,0,0,156,0,0,156
1801,0,0,156,0,0,156,0,0,156
1802,0,0,164,0,0,164,0,0,164
1803,0,0,159,0,0,159,0,0,159
1804,0,0,156,0,0,156,0,0,156
1805,0,0,154,0,0,154,0,0,154
1806,0,0,155,0,0,155,0,0,155
1807,0,0,152,0,0,152,0,0,152
1808,0,0,155,0,0,155,0,0,155
1809,0,0,154,0,0,154,0,0,154
1810,0,0,153,0,0,153,0,0,153
1811,0,0,153,0,0,153,0,0,153
1812,0,0,155,0,0,155,0,0,155
1813,0,0,159,0,0,159,0,0,159
1814,0,0,164,0,0,164,0,0,164
1815,0,0,155,0,0,155,0,0,155
1816,0,0,152,0,0,152,0,0,152
1817,0,0,156,0,0,156,0,0,156
1818,0,0,154,0,0,154,0,0,154
1819,0,0,163,0,0,163,0,0,163
1820,0,0,153,0,0,153,0,0,153
1821,0,0,155,0,0,155,0,0,155
1822,0,0,154,0,0,154,0,0,154
1823,0,0,156,0,0,156,0,0,156
1824,0,0,156,0,0,156,0,0,156
1825,0,0,164,0,0,164,0,0,164
1826,0,0,159,0,0,159,0,0,159
1827,0,0,156,0,0,156,0,0,156
1828,0,0,154,0,0,154,0,0,154
1829,0,0,155,0,0,155,0,0,155
1830,0,0,152,0,0,152,0,0,152
1831,0,0,155,0,0,155,0,0,155
1832,0,0,154,0,0,154,0,0,154
1833,0,0,153,0,0,153,0,0,153
1834,0,0,153,0,0,153,0,0,153
1835,0,0,155,0,0,155,0,0,155
1836,0,0,159,0,0,159,0,0,159
1837,0,0,164,0,0,164,0,0,164
1838,0,0,155,0,0,155,0,0,155
1839,0,0,152,0,0,152,0,0,152
1840,0,0,156,0,0,156,0,0,156
1841,1181,81884,154,586,39912,154,595,41972,154
1842,1169,81016,163,581,39448,163,588,41568,163
1843,1190,81522,153,593,39776,153,597,41746,153
1844,1190,81808,155,590,39772,155,600,42036,155
1845,1151,79978,154,571,39079,154,580,40899,154
1846,1184,81098,156,589,39551,156,595,41547,156
1847,1216,85559,156,601,41753,156,615,43806,156
1848,1202,83354,164,593,40337,164,609,43017,164
1849,1170,80488,159,582,39282,159,588,41206,159
1850,1182,81894,156,587,39906,156,595,41988,156
1851,1199,82370,154,597,40151,154,602,42219,154
1852,1168,81278,155,577,39467,155,591,41811,155
1853,1201,81474,152,599,39696,152,602,41778,152
1854,1166,80670,155,578,39165,155,588,41505,155
1855,1210,83666,154,599,40618,154,611,43048,154
1856,1189,82446,153,591,40215,153,598,42231,153
1857,1178,81840,153,582,39729,153,596,42111,153
1858,1158,79968,155,576,39075,155,582,40893,155
1859,1171,81311,159,580,39554,159,591,41757,159
1860,1183,81998,164,585,39835,164,598,42163,164
1861,1166,79986,155,581,39102,155,585,40884,155
1862,1185,82364,152,586,40010,152,599,42354,152
1863,1176,80794,156,585,39424,156,591,41370,156
1864,439,37033,154,155,14775,154,284,22258,154
1865,454,38725,163,161,15837,163,293,22888,163
1866,442,37293,153,155,14775,153,287,22518,153
1867,458,39619,155,163,16093,155,295,23526,155
1868,440,36991,154,155,14679,154,285,22312,154
1869,454,38597,156,161,15709,156,293,22888,156
1870,439,36929,156,155,14679,156,284,22250,156
1871,457,38719,164,163,15793,164,294,22926,164
1872,441,37037,159,155,14679,159,286,22358,159
1873,457,39565,156,163,16093,156,294,23472,156
1874,441,37021,154,156,14721,154,285,22300,154
1875,454,38597,155,161,15709,155,293,22888,155
1876,440,36983,152,155,14679,152,285,22304,152
1877,453,38459,155,161,15653,155,292,22806,155
1878,441,37021,154,156,14721,154,285,22300,154
1879,454,39367,153,161,15953,153,293,23414,153
1880,442,37051,153,156,14721,153,286,22330,153
1881,453,38551,155,161,15709,155,292,22842,155
1882,446,37865,159,158,15355,159,288,22510,159
1883,458,38765,164,163,15793,164,295,22972,164
1884,440,36991,155,155,14679,155,285,22312,155
1885,463,39841,152,165,16177,152,298,23664,152
1886,441,37037,156,155,14679,156,286,22358,156
1887,136,18249,154,53,9116,154,83,9133,154
1888,128,17697,163,49,8770,163,79,8927,163
1889,96,9414,153,39,4049,153,57,5365,153
1890,130,17668,155,50,8829,155,80,8839,155
1891,94,9838,154,38,4121,154,56,5717,154
1892,129,17715,156,49,8746,156,80,8969,156
1893,135,18072,156,53,9019,156,82,9053,156
1894,91,8872,164,37,3787,164,54,5085,164
1895,132,18108,159,51,9073,159,81,9035,159
1896,92,9076,156,38,3991,156,54,5085,156
1897,129,18243,154,49,8986,154,80,9257,154
1898,131,17750,155,51,8911,155,80,8839,155
1899,93,9703,152,37,3986,152,56,5717,152
1900,137,18209,155,53,9048,155,84,9161,155
1901,137,19320,154,51,9504,154,86,9816,154
1902,94,9273,153,39,4016,153,55,5257,153
1903,132,17865,153,51,8854,153,81,9011,153
1904,125,17365,155,47,8610,155,78,8755,155
1905,96,9414,159,39,4049,159,57,5365,159
1906,129,17533,164,49,8694,164,80,8839,164
1907,95,9973,155,39,4256,155,56,5717,155
1908,126,17516,152,48,8761,152,78,8755,152
1909,129,17570,156,49,8828,156,80,8742,156
1910,371,41751,154,162,18866,154,209,22885,154
1911,368,39185,163,162,17960,163,206,21225,163
1912,379,41428,153,168,19220,153,211,22208,153
1913,384,40918,155,170,18936,155,214,21982,155
1914,378,41742,154,166,19932,154,212,21810,154
1915,392,42380,156,174,19600,156,218,22780,156
1916,370,39259,156,163,18004,156,207,21255,156
1917,403,47877,164,180,22610,164,223,25267,164
1918,368,39740,159,162,18331,159,206,21409,159
1919,364,38900,156,159,17846,156,205,21054,156
1920,368,39487,154,161,18244,154,207,21243,154
1921,364,39726,155,159,18495,155,205,21231,155
1922,381,40530,152,168,18707,152,213,21823,152
1923,373,39588,155,164,18237,155,209,21351,155
1924,368,39417,154,162,18273,154,206,21144,154
1925,368,39407,153,164,18386,153,204,21021,153
1926,371,39374,153,163,18122,153,208,21252,153
1927,409,61002,155,183,37819,155,226,23183,155
1928,357,38552,159,161,18035,159,196,20517,159
1929,360,38738,164,164,18221,164,196,20517,164
1930,365,39168,155,163,18223,155,202,20945,155
1931,367,39266,152,161,18066,152,206,21200,152
1932,364,39750,156,159,18283,156,205,21467,156
1933,1873,136597,154,922,62557,154,951,74040,154
1934,1940,144556,163,951,66903,163,989,77653,163
1935,1920,139848,153,944,63871,153,976,75977,153
1936,1941,143685,155,952,66504,155,989,77181,155
1937,1888,138234,154,930,63240,154,958,74994,154
1938,2003,149511,156,980,68926,156,1023,80585,156
1939,1906,138319,156,939,63312,156,967,75007,156
1940,1945,143878,164,954,66561,164,991,77317,164
1941,1895,137723,159,933,63019,159,962,74704,159
1942,1953,144288,156,958,66733,156,995,77555,156
1943,1905,139093,154,938,63553,154,967,75540,154
1944,1968,146851,155,963,67777,155,1005,79074,155
1945,1927,139390,152,949,63707,152,978,75683,152
1946,1897,142351,155,929,65940,155,968,76411,155
1947,1912,138616,154,941,63355,154,971,75261,154
1948,1957,148143,153,956,69344,153,1001,78799,153
1949,1884,137983,153,928,63108,153,956,74875,153
1950,1921,142693,155,942,66088,155,979,76605,155
1951,1893,138529,159,931,63373,159,962,75156,159
1952,1917,142447,164,940,65980,164,977,76467,164
1953,1901,138914,155,934,63452,155,967,75462,155
1954,1939,143583,152,951,66463,152,988,77120,152
1955,1911,139362,156,941,63655,156,970,75707,156
1956,0,0,154,0,0,154,0,0,154
1957,0,0,163,0,0,163,0,0,163
1958,0,0,153,0,0,153,0,0,153
1959,0,0,155,0,0,155,0,0,155
1960,0,0,154,0,0,154,0,0,154
1961,0,0,156,0,0,156,0,0,156
1962,0,0,156,0,0,156,0,0,156
1963,0,0,164,0,0,164,0,0,164
1964,0,0,159,0,0,159,0,0,159
1965,0,0,156,0,0,156,0,0,156
1966,0,0,154,0,0,154,0,0,154
1967,0,0,155,0,0,155,0,0,155
1968,0,0,152,0,0,152,0,0,152
1969,0,0,155,0,0,155,0,0,155
1970,0,0,154,0,0,154,0,0,154
1971,0,0,153,0,0,153,0,0,153
1972,0,0,153,0,0,153,0,0,153
1973,0,0,155,0,0,155,0,0,155
1974,0,0,159,0,0,159,0,0,159
1975,0,0,164,0,0,164,0,0,164
1976,0,0,155,0,0,155,0,0,155
1977,0,0,152,0,0,152,0,0,152
1978,0,0,156,0,0,156,0,0,156
1979,161,34628,154,75,8742,154,86,25886,154
1980,0,0,163,0,0,163,0,0,163
1981,0,0,153,0,0,153,0,0,153
1982,0,0,155,0,0,155,0,0,155
1983,0,0,154,0,0,154,0,0,154
1984,0,0,156,0,0,156,0,0,156
1985,0,0,156,0,0,156,0,0,156
1986,0,0,164,0,0,164,0,0,164
1987,0,0,159,0,0,159,0,0,159
1988,0,0,156,0,0,156,0,0,156
1989,0,0,154,0,0,154,0,0,154
1990,0,0,155,0,0,155,0,0,155
1991,0,0,152,0,0,152,0,0,152
1992,0,0,155,0,0,155,0,0,155
1993,161,34627,154,75,8742,154,86,25885,154
1994,0,0,153,0,0,153,0,0,153
1995,0,0,153,0,0,153,0,0,153
1996,0,0,155,0,0,155,0,0,155
1997,0,0,159,0,0,159,0,0,159
1998,0,0,164,0,0,164,0,0,164
1999,0,0,155,0,0,155,0,0,155
2000,0,0,152,0,0,152,0,0,152
2001,0,0,156,0,0,156,0,0,156
